ID,Severity,Start_Time,End_Time,Start_Lat,Start_Lng,End_Lat,End_Lng,Distance(mi),Description,Number,Street,Side,City,County,State,Zipcode,Country,Timezone,Airport_Code,Weather_Timestamp,Temperature(F),Wind_Chill(F),Humidity(%),Pressure(in),Visibility(mi),Wind_Direction,Wind_Speed(mph),Precipitation(in),Weather_Condition,Amenity,Bump,Crossing,Give_Way,Junction,No_Exit,Railway,Roundabout,Station,Stop,Traffic_Calming,Traffic_Signal,Turning_Loop,Sunrise_Sunset,Civil_Twilight,Nautical_Twilight,Astronomical_Twilight
C-5188218,2,2021-06-17 16:03:31,2021-06-17 18:15:50,25.842882,-80.12066999999998,25.844415,-80.121534,0.118767010437,Slow traffic on FL-A1A - FL-907 from FL-A1A/Collins Ave (FL-A1A) to FL-907/63rd St (FL-A1A) due to roadwork.,6085.0,Collins Ave,R,Miami Beach,Miami-Dade,FL,33140-2224,US,US/Eastern,KMIA,2021-06-17 15:53:00,87.0,87.0,63.0,29.99,10.0,E,10.0,0.0,Cloudy,False,False,True,False,False,False,False,False,False,False,False,True,False,Day,Day,Day,Day
C-5188219,2,2020-03-18 09:16:42,2020-03-22 09:18:26,40.00922,-75.59255,40.00922,-75.59255,0.0,At US-202 - Roadwork. Open.,961.0,E Boot Rd,R,West Chester,Chester,PA,19380-4023,US,US/Eastern,KOQN,2020-03-18 09:15:00,43.0,43.0,57.0,29.76,10.0,VAR,3.0,0.0,Fair,False,False,False,False,False,False,False,False,False,False,False,False,False,Day,Day,Day,Day
C-5188220,2,2020-07-02 04:02:00,2020-07-03 04:52:08,39.976125,-76.695417,40.018025,-76.741937,3.80055933892,Roadwork on I-83 northbound between .1 miles south of Exit 21A: US 30 EAST - ARSENAL RD and .5 miles north of Exit 22: PA 181 - N GEORGE STREET. There is a lane restriction.,,I-83 N,R,York,York,PA,17402,US,US/Eastern,KTHV,2020-07-02 03:53:00,63.0,63.0,87.0,29.37,10.0,CALM,0.0,0.0,Fair,False,False,False,False,False,False,False,False,False,False,False,False,False,Night,Night,Night,Day
C-5188221,2,2021-02-16 16:08:29,2021-02-16 18:12:01,34.725669,-96.262539,34.743689,-96.263759,1.24698902619,Roadwork on Legal Rd/Pine Rd/E1590 Rd (US-75) from E1500 Rd (US-75) to US-75 S - US-75 N.,,Highway 75,R,Centrahoma,Coal,OK,74534,US,US/Central,KAQR,2021-02-16 16:15:00,,,,29.51,10.0,SSE,3.0,0.0,Cloudy,False,False,False,False,False,False,False,False,False,False,False,False,False,Day,Day,Day,Day
C-5188222,2,2020-10-13 20:07:30,2020-10-13 21:02:30,47.158382,-121.866655,47.159037,-121.835146,1.4810299593599998,Queuing traffic on WA-410 from SE Mud Mountain Rd (SE Enumclaw Chinook Pass Rd/WA-410) to NFD-7120 (SE Enumclaw Chinook Pass Rd/WA-410) due to roadwork.,48570.0,SE Enumclaw Chinook Pass Rd,R,Enumclaw,King,WA,98022,US,US/Pacific,KPLU,2020-10-13 19:58:00,57.0,57.0,62.0,29.74,10.0,WSW,21.0,0.0,Mostly Cloudy / Windy,False,False,False,False,False,False,False,False,False,False,False,False,False,Night,Night,Night,Night
C-5188223,2,2020-08-19 04:20:19,2020-10-31 23:59:00,34.749340000000004,-80.444992,,,1.61000001431,Lane closed due to bridge maintenance work on US-601 both ways from Lester Hicks Cir to Taxahaw Rd.,,Pageland Hwy,R,Pageland,Chesterfield,SC,29728,US,US/Eastern,KEQY,2020-08-19 03:53:00,68.0,68.0,96.0,29.16,7.0,CALM,0.0,0.0,Fair,False,False,False,False,False,False,False,False,False,False,False,False,False,Night,Night,Night,Night
C-5188224,2,2021-06-26 22:06:00,2021-06-26 22:35:00,30.329482,-81.657002,30.325191,-81.658252,0.30570851688,Stationary traffic on US-90 E - FL-228 - US-1 S - FL-10 - FL-5 from US-17/US-1/N Ocean St/N Main St (US-90) to I-95/Acosta (US-90) due to roadwork.,434.0,N Main St,L,Jacksonville,Duval,FL,32202-3134,US,US/Eastern,KNIP,2021-06-26 21:53:00,78.0,78.0,93.0,30.09,10.0,E,7.0,0.0,Mostly Cloudy,False,False,True,False,False,False,False,False,False,False,False,True,False,Night,Night,Night,Day
C-5188225,2,2021-06-08 22:01:00,2021-06-09 06:01:00,37.666643,-121.031249,37.666741,-121.031445,0.0126792272926,Lane closure due to Bridge Work between Carpenter Road/Briggsmore Over-Crossing and Woodland Avenue Over-Crossing,1798.0,N Carpenter Rd,L,Modesto,Stanislaus,CA,95350,US,US/Pacific,KMOD,2021-06-08 21:53:00,58.0,58.0,47.0,29.95,10.0,WNW,17.0,0.0,Fair,False,False,False,False,False,False,False,False,False,False,False,True,False,Night,Night,Night,Day
C-5188226,2,2020-04-24 13:46:42,2020-04-24 15:30:00,41.67291,-72.84514,41.67638,-72.85749,0.6809626928910001,Between I-84/Woodford Ave and End of Freeway - Roadwork. Hard shoulder closed.,,CT-72 W,R,Plainville,Hartford,CT,06062,US,US/Eastern,KMMK,2020-04-24 13:53:00,43.0,36.0,89.0,29.62,6.0,N,14.0,0.04,Light Rain,False,False,False,False,False,False,False,False,False,False,False,False,False,Day,Day,Day,Day
C-5188227,4,2021-07-23 06:58:38,2021-07-30 23:59:00,40.214917,-74.744168,40.214263,-74.743927,0.0469420999709,Closed road from Hamilton Ave / N Anderson St to Kent St due to roadwork.,50.0,Anderson St,L,Trenton,Mercer,NJ,08611-1002,US,US/Eastern,KTTN,2021-07-23 06:53:00,62.0,62.0,84.0,29.92,10.0,NW,5.0,0.0,Fair,False,False,False,False,False,False,False,False,False,False,False,False,False,Day,Day,Day,Day
C-5188228,3,2018-03-13 09:25:43,2018-03-13 15:25:43,33.42203,-111.905424,33.42203,-111.905454,0.00173003595881,At Hacienda Dr - Roadwork.,800.0,S Melody Ln,R,Tempe,Maricopa,AZ,85281-4430,US,US/Mountain,KPHX,2018-03-13 09:51:00,73.0,,30.0,29.96,10.0,East,10.4,,Mostly Cloudy,False,False,False,False,False,False,False,False,False,False,False,False,False,Day,Day,Day,Day
C-5188229,2,2018-12-05 09:00:00,2018-12-05 16:00:00,37.175652,-105.98743,37.180367,-105.986171,0.33306669934,At CO-370/CR-10 S - Roadwork.,12651.0,US Highway 285,L,Sanford,Conejos,CO,81151,US,US/Mountain,KALS,2018-12-05 08:52:00,10.0,,73.0,30.48,10.0,Calm,,,Clear,False,False,False,False,False,False,False,False,False,False,False,False,False,Day,Day,Day,Day
C-5188230,2,2021-04-12 06:23:00,2021-04-12 15:34:30,44.948359,-93.281998,44.948369,-93.276662,0.260933640971,Slow traffic on County Hwy-3 from Lyndale Ave (CR-3) to I-35W (CR-3) due to roadwork.,239.0,W Lake St,L,Minneapolis,Hennepin,MN,55408-3024,US,US/Central,KMSP,2021-04-12 05:53:00,45.0,39.0,76.0,28.76,10.0,W,12.0,0.0,Mostly Cloudy,False,False,True,False,False,False,False,False,True,False,False,True,False,Night,Day,Day,Day
C-5188231,2,2021-09-27 14:53:00,2021-09-27 18:31:30,42.071906,-88.335625,42.064625,-88.334909,0.504407872234,Stationary traffic on County Hwy-34 from Fox Ln to White Oak Ln due to roadwork.,1552.0,N Randall Rd,R,Elgin,Kane,IL,60123-7876,US,US/Central,KDPA,2021-09-27 14:52:00,86.0,86.0,35.0,28.95,10.0,W,9.0,0.0,Fair,False,False,False,False,False,False,False,False,False,False,False,False,False,Day,Day,Day,Day
C-5188232,4,2019-07-16 20:33:14,2019-07-16 22:32:47,41.104984,-80.144864,41.10022,-80.143222,0.340081519806,At PA-108/Exit 105 - Roadwork.,,I-79 S,R,Volant,Lawrence,PA,16156,US,US/Eastern,KUCP,2019-07-16 20:56:00,79.0,79.0,72.0,28.87,10.0,VAR,3.0,0.0,Fair,False,False,False,False,False,False,False,False,False,False,False,False,False,Day,Day,Day,Day
C-5188233,2,2021-06-09 17:21:00,2021-06-09 19:40:40,38.852446,-104.874018,38.851836,-104.872451,0.0942638293089,Stationary traffic on US-24 Bus W - US-24 E from Midland Expy to W Colorado Ave due to roadwork.,,W US Highway 24,R,Colorado Springs,El Paso,CO,80904,US,US/Mountain,KAFF,2021-06-09 17:41:00,82.0,82.0,15.0,23.66,10.0,ESE,20.0,0.0,Fair,False,False,False,False,False,False,False,False,False,False,False,False,False,Day,Day,Day,Day
C-5188234,2,2021-06-17 08:23:30,2021-06-17 08:35:00,32.830548,-96.617326,32.82532,-96.62616,0.6273300042109999,Slow traffic on R L Thornton Fwy W - US-67 S - I-30 W from Broadway Blvd/Exit 59 (I-30) to I-635/Exit 56 (I-30) due to roadwork.,,I-30 W,R,Mesquite,Dallas,TX,75150,US,US/Central,KHQZ,2021-06-17 08:50:00,82.0,82.0,74.0,29.55,10.0,CALM,0.0,0.0,Fair,False,False,False,False,False,False,False,False,False,False,False,False,False,Day,Day,Day,Day
C-5188235,4,2018-04-25 19:47:28,2018-04-30 05:47:28,32.766359,-96.729605,32.76643,-96.73239,0.161881631969,Closed at Scyene Rd - Closed. Construction work.,5170.0,Scyene Rd,L,Dallas,Dallas,TX,75227,US,US/Central,KHQZ,2018-04-25 19:50:00,53.6,,88.0,30.12,10.0,NW,11.5,,Overcast,False,False,False,False,False,False,False,False,False,False,False,False,False,Day,Day,Day,Day
C-5188236,2,2021-10-21 07:51:30,2021-10-21 09:12:30,33.957427,-118.105028,33.951359000000004,-118.095801,0.674851179572,Slow traffic from CA-19/Lakewood Blvd/Rosemead Blvd (Telegraph Rd) to I-605/San Gabriel River Fwy (Telegraph Rd) due to roadwork.,9275.0,Telegraph Rd,L,Pico Rivera,Los Angeles,CA,90660-5423,US,US/Pacific,KEMT,2021-10-21 07:53:00,55.0,55.0,72.0,30.0,10.0,CALM,0.0,0.0,Fair,False,False,False,False,False,False,False,False,False,False,False,False,False,Day,Day,Day,Day
C-5188237,4,2019-08-14 04:39:56,2019-08-14 09:49:12,34.285,-83.80615999999998,34.27906,-83.81055,0.4808884524019999,Closed at US-129/Exit 22 - Closed due to roadwork.,,GA-365 S,R,Gainesville,Hall,GA,30507,US,US/Eastern,KGVL,2019-08-14 04:53:00,73.0,73.0,100.0,28.63,10.0,SW,6.0,0.0,Fair,False,False,False,False,False,False,False,False,False,False,False,False,False,Night,Night,Night,Night
C-5188238,2,2020-04-27 08:00:00,2020-04-27 18:00:00,39.52185,-104.86718,39.52185,-104.86718,0.0,At Lincoln Ave/Exit 193 - Construction work.,,I-25 N,R,Parker,Douglas,CO,80134,US,US/Mountain,KAPA,2020-04-27 07:53:00,57.0,57.0,42.0,24.23,10.0,S,7.0,0.0,Fair,False,False,False,False,False,False,False,False,False,False,False,False,False,Day,Day,Day,Day
C-5188239,4,2020-10-30 19:00:00,2020-11-02 06:00:00,39.280042,-76.575407,39.280095,-76.57396899999998,0.0769949480716,COVID-19. Closed road from Boston St (S Lakewood Ave/O'Donnell St) to S Highland Ave (O'Donnell St) due to roadwork.,1098.0,S Linwood Ave,R,Baltimore,Baltimore City,MD,21224-4842,US,US/Eastern,KDMH,,,,,,,,,,,True,False,True,False,False,False,False,False,False,True,False,False,False,Night,Night,Day,Day
C-5188240,2,2021-02-18 15:19:29,2021-02-18 23:11:24,33.363609000000004,-90.589224,33.355559,-90.582576,0.675684212976,Roadwork on MS-3 (US-149/MS-14/MS-16/US-49W) from US-49W Bus (South) (US-149/MS-14/MS-16/US-49W) to MS-3 - US-49W S.,,US Highway 49 W,R,Inverness,Sunflower,MS,38753,US,US/Central,KGLH,2021-02-18 14:53:00,29.0,17.0,78.0,30.15,10.0,N,16.0,0.0,,False,False,False,False,False,False,False,False,False,False,False,False,False,Day,Day,Day,Day
C-5188241,4,2020-11-15 15:47:00,2020-11-24 16:45:00,36.686781,-78.478675,36.707176,-78.42534,3.2735617357,On Rt. 677 (Wilkerson Rd) in the County of Mecklenburg from Skipwith Rd; Rt. 688N/S (Mecklenburg County) to Daniels Rd; Rt. 691N/S (Mecklenburg County) motorists can expect potential delays in this area from 11/15/20 at 7:47 AM until 11/24/20 at 8:00 AM due to maintenance activities. All east lanes are closed. All west lanes are closed.,4800.0,Skipwith Rd,R,Skipwith,Mecklenburg,VA,23968-2103,US,US/Eastern,KHNZ,2020-11-15 15:55:00,69.0,69.0,77.0,29.3,10.0,SSW,12.0,0.0,Mostly Cloudy,False,False,False,False,False,False,False,False,False,False,False,False,False,Day,Day,Day,Day
C-5188242,2,2020-10-16 12:51:00,2020-10-16 16:55:10,30.53316,-87.27521899999998,30.533099,-87.27215,0.182692848596,Queuing traffic on FL-10 from US-29/FL-95/Pensacola Blvd (US-90 Alt/FL-10) to FL-291/N Davis Hwy (US-90 Alt/FL-10) due to construction work.,,FL-10,R,Pensacola,Escambia,FL,32534,US,US/Central,KPNS,2020-10-16 12:53:00,75.0,75.0,55.0,30.0,10.0,NNW,16.0,0.0,Fair,False,False,True,False,False,False,False,False,False,True,False,False,False,Day,Day,Day,Day
C-5188243,2,2021-08-26 07:36:00,2021-08-26 07:49:00,44.21565,-69.82413199999999,44.20953400000001,-69.826204,0.4348553487520001,Slow traffic on I-295 S from ME-9 exit [103] to ME-9 exit [51] due to roadwork.,,I-295 S,R,Gardiner,Kennebec,ME,04345,US,US/Eastern,KAUG,2021-08-26 07:53:00,72.0,72.0,91.0,29.71,6.0,CALM,0.0,0.0,Fair,False,False,False,False,False,False,False,False,False,False,False,False,False,Day,Day,Day,Day
C-5188244,2,2021-08-08 09:43:30,2021-08-08 09:51:02,44.216428,-69.824058,44.213039,-69.824387,0.234723727309,Stationary traffic on I-295 S from I-95/Maine Tpke (I-295) to Gardiner Toll Plaza (I-295) due to roadwork.,,I-295 S,R,Gardiner,Kennebec,ME,04345,US,US/Eastern,KAUG,2021-08-08 09:53:00,76.0,76.0,71.0,29.71,9.0,NE,8.0,0.0,Fair,False,False,False,False,False,False,False,False,False,False,False,False,False,Day,Day,Day,Day
C-5188245,2,2020-05-21 19:55:07,2020-06-25 00:00:00,39.74457,-105.68045,39.69432000000001,-105.79917,7.20161686354,Between US-287/US-40/Exit 288 and Bighorn Rd/Exit 180 - Road marking work.,,I-70 W,R,Georgetown,Clear Creek,CO,80444,US,US/Mountain,K0CO,2020-05-21 19:53:00,49.0,47.0,18.0,20.78,10.0,WNW,6.0,0.0,Fair,False,False,False,False,False,False,False,False,False,False,False,False,False,Day,Day,Day,Day
C-5188246,2,2021-06-07 15:18:30,2021-06-07 17:33:58,39.740037,-105.003541,39.740034,-104.998973,0.242696074507,Slow traffic on US-40 E - I-70 Bus E - US-287 S from I-25/Auraria Pkwy (Colfax Ave) to Speer Blvd (Colfax Ave) due to roadwork.,1278.0,W Colfax Ave,R,Denver,Denver,CO,80204-2030,US,US/Mountain,KBJC,2021-06-07 15:45:00,91.0,91.0,15.0,24.28,10.0,NNW,16.0,0.0,Mostly Cloudy,False,False,True,False,False,True,False,False,False,False,False,True,False,Day,Day,Day,Day
C-5188247,2,2020-11-11 10:08:30,2020-11-11 10:54:30,31.084043,-98.187135,31.091112,-98.200578,0.933410661025,Slow traffic on US-190 from E Avenue J (US-183/US-281/N Key Ave/US-190) to CR-51 (US-183/US-190) due to roadwork.,,N US Highway 183,R,Lampasas,Lampasas,TX,76550,US,US/Central,KLZZ,2020-11-11 10:15:00,61.0,61.0,43.0,28.74,10.0,CALM,0.0,0.0,Fair,False,False,False,False,False,False,False,False,False,True,False,False,False,Day,Day,Day,Day
C-5188248,4,2020-07-26 14:00:00,2020-07-27 07:45:00,45.725666,-87.95099,45.70942700000001,-87.949378,1.12469964721,Construction on US-141 SB near WISCONSIN-MICHIGAN STATE LINE Expect delays.,,N21132 US Highway 141 8,R,Niagara,Marinette,WI,54151,US,US/Central,KIMT,,,,,,,,,,,False,False,False,False,False,False,False,False,False,False,False,False,False,Day,Day,Day,Day
C-5188249,2,2021-09-07 18:32:00,2021-09-10 09:08:06,45.159282,-113.892983,45.135672,-113.893022,1.63129674261,Roadwork on ID-28/Main St/N Challis St (US-93) from ID-75 (US-93) to US-93 S - US-93 N.,57.0,Highway 93 S,L,Salmon,Lemhi,ID,83467,US,US/Mountain,KSMN,2021-09-07 18:55:00,80.0,80.0,20.0,25.06,9.0,NW,5.0,0.0,Fair,False,False,False,False,False,False,False,False,False,False,False,False,False,Day,Day,Day,Day
C-5188250,2,2021-08-16 05:42:08,2021-08-23 03:04:22,38.311589,-84.137609,38.313039,-84.135468,0.153328783217,Roadwork from Oak Ave to Carpenter Rd.,434.0,Maysville Rd,R,Carlisle,Bourbon,KY,40311-9671,US,US/Eastern,KIOB,2021-08-16 05:35:00,68.0,68.0,100.0,28.99,0.75,CALM,0.0,0.01,Rain,False,False,False,False,False,False,False,False,False,False,False,False,False,Night,Night,Night,Day
C-5188251,2,2018-03-30 09:00:45,2018-03-30 15:00:45,33.936846,-84.4611,33.928203,-84.46104,0.597184330714,At Marietta - Construction work.,590.0,Terrell Mill Rd SE,R,Marietta,Cobb,GA,30067-5037,US,US/Eastern,KMGE,2018-03-30 08:56:00,53.2,,85.0,30.06,10.0,West,11.5,,Mostly Cloudy,False,False,False,False,False,False,False,False,False,False,False,False,False,Day,Day,Day,Day
C-5188252,2,2020-05-26 07:06:38,2020-05-27 07:06:38,33.22677,-86.80714,33.27413,-86.79937,3.30292015685,Between CR-87/Exit 234 and CR-52/Exit 242 - Long-term roadwork.,,I-65 N,R,Alabaster,Shelby,AL,35007,US,US/Central,KEET,2020-05-26 06:53:00,71.0,71.0,90.0,29.35,4.0,ESE,5.0,0.01,Rain,False,False,False,False,False,False,False,False,False,False,False,False,False,Day,Day,Day,Day
C-5188253,2,2021-02-17 00:00:00,2021-02-17 11:46:39,33.463569,-82.17698,33.464148,-82.17589,0.0744830429148,Roadwork on GA-388/Katherine St/Horizon South Pkwy (Wrightsboro Rd) from GA-383/Jimmie Dyess Pkwy (Wrightsboro Rd) to GA-874.,4913.0,Wrightsboro Rd,L,Grovetown,Columbia,GA,30813-3138,US,US/Eastern,KDNL,2021-02-17 00:53:00,32.0,32.0,64.0,29.7,10.0,CALM,0.0,0.0,Fair,False,False,False,False,False,False,False,False,False,False,False,False,False,Night,Night,Night,Night
C-5188254,2,2021-04-09 09:38:00,2021-04-09 11:50:30,40.278802,-76.818934,40.291452,-76.822813,0.897625444724,Slow traffic on US-322 W - I-83 N from US-322/Derry St/Exit 47 (I-83) to US-22/Jonestown Rd/Exit 50 (I-83) due to roadwork.,,I-83 N,R,Harrisburg,Dauphin,PA,17109,US,US/Eastern,KCXY,2021-04-09 09:54:00,54.0,54.0,82.0,29.74,10.0,E,7.0,0.02,Cloudy,False,False,False,False,False,False,False,False,False,False,False,False,False,Day,Day,Day,Day
C-5188255,2,2019-06-26 11:08:37,2019-07-02 07:02:14,47.57164,-122.14123,47.575531,-122.14018,0.273261425744,At 38th St - Construction work. Lane blocked.,4131.0,150th Ave SE,R,Bellevue,King,WA,98006-1613,US,US/Pacific,KRNT,2019-06-26 10:53:00,67.0,67.0,57.0,29.85,3.0,N,6.0,0.0,Haze,True,False,True,False,False,False,False,False,False,False,False,True,False,Day,Day,Day,Day
C-5188256,2,2021-11-03 18:07:30,2021-11-03 18:36:00,33.507415,-112.047534,33.510042,-112.047524,0.181509327418,Slow traffic from E Highland Ave (N 16th St) to E Colter St (N 16th St) due to roadwork.,4800.0,N 16th St,L,Phoenix,Maricopa,AZ,85016-4606,US,US/Mountain,KPHX,2021-11-03 17:51:00,86.0,86.0,16.0,28.74,10.0,WSW,7.0,0.0,Fair,False,False,False,False,False,False,False,False,False,True,False,False,False,Night,Night,Day,Day
C-5188257,2,2020-04-23 08:07:27,2020-04-24 08:07:27,43.08338,-76.22628,43.10629,-76.24806,1.92696837202,Between RT-297/Exit 6/Exit 7 and State Fair BL/Van Vleck/Exit 5 - Roadwork. Right lane closed.,,I-690 W,R,Syracuse,Onondaga,NY,13209,US,US/Eastern,KSYR,2020-04-23 07:54:00,33.0,33.0,61.0,29.6,10.0,CALM,0.0,0.0,Partly Cloudy,False,False,False,False,False,False,False,False,False,False,False,False,False,Day,Day,Day,Day
C-5188258,2,2021-11-20 21:23:00,2021-11-20 21:43:00,27.383197,-82.455857,27.388817,-82.45565699999999,0.3884988283470001,Slow traffic from University Town Center Dr to University Pkwy due to roadwork.,,N Cattlemen Rd,R,Sarasota,Sarasota,FL,34243,US,US/Eastern,KSRQ,2021-11-20 21:53:00,71.0,71.0,78.0,30.1,10.0,NE,14.0,0.0,Mostly Cloudy,False,False,True,False,False,False,False,False,False,False,False,True,False,Night,Night,Night,Night
C-5188259,2,2021-06-21 16:31:08,2021-06-21 17:00:07,46.500374,-90.414143,46.495074,-90.382633,1.5427924165,Stationary traffic on US-2 W - US-2 E from WI-122 (US-2) to N Stateline Rd (US-2) due to roadwork.,,W US Highway 2,R,Saxon,Iron,WI,54559,US,US/Central,KIWD,2021-06-21 16:56:00,57.0,57.0,53.0,28.54,10.0,WNW,15.0,0.0,Cloudy,False,False,False,False,False,False,False,False,False,True,False,False,False,Day,Day,Day,Day
C-5188260,4,2021-10-20 07:20:27,2021-10-27 23:59:00,27.089167,-82.440659,27.08835,-82.441162,0.0643731763364,Closed road from Golf Dr to Tamiami Trl S due to roadwork.,701.0,Golf Dr,L,Venice,Sarasota,FL,34285,US,US/Eastern,KVNC,2021-10-20 06:53:00,66.0,66.0,84.0,30.11,10.0,ENE,6.0,0.0,Fair,False,False,False,False,False,False,False,False,False,False,False,False,False,Night,Day,Day,Day
C-5188261,2,2016-12-27 13:50:47,2016-12-27 19:50:47,39.192719,-76.613399,39.193428,-76.61335,0.0490574556649,At Ordnance Rd - Construction work.,,Ritchie Hwy,R,Glen Burnie,Anne Arundel,MD,21061,US,US/Eastern,KBWI,2016-12-27 13:54:00,64.9,,47.0,29.85,10.0,SW,12.7,,Scattered Clouds,False,False,False,False,False,False,False,False,True,False,False,False,False,Day,Day,Day,Day
C-5188262,2,2021-10-07 12:04:00,2021-10-07 12:24:30,42.255973,-79.756566,42.259842,-79.74404399999997,0.693906392177,Stationary traffic on I-90 E - New York State Trwy E from Ripley to Shortman Rd exit [61] due to roadwork.,,I-90 E,R,Ripley,Chautauqua,NY,14775,US,US/Eastern,KJHW,2021-10-07 11:56:00,71.0,71.0,75.0,28.47,10.0,SSW,5.0,0.0,Partly Cloudy,False,False,False,False,False,False,False,False,False,False,False,False,False,Day,Day,Day,Day
C-5188263,2,2021-11-10 11:04:30,2021-11-10 13:39:00,35.038524,-107.36036,35.028048,-107.336174,1.5479747412399998,Slow traffic on I-40 E from NM-124/Exit 114 (I-40) to Indian Service Rte 491/Exit 117 (I-40) due to roadwork.,,I-40 E,R,Casa Blanca,Cibola,NM,87007,US,US/Mountain,KGNT,2021-11-10 10:53:00,55.0,55.0,38.0,23.8,10.0,N,10.0,0.0,Partly Cloudy,False,False,False,False,False,False,False,False,False,False,False,False,False,Day,Day,Day,Day
C-5188264,2,2018-11-23 11:50:55,2018-11-30 23:59:00,39.713821,-75.608788,,,0.0,Intermittent lane closures due to construction work on DE-141 Northbound near Exit 4 DE-4 Market St.,,DE-141 S,R,Wilmington,New Castle,DE,19804,US,US/Eastern,KILG,2018-11-23 11:51:00,28.9,21.1,35.0,30.58,10.0,SSE,8.1,,Clear,False,False,True,False,False,False,False,False,False,False,False,False,False,Day,Day,Day,Day
C-5188265,2,2021-10-13 14:00:00,2021-10-14 01:00:14,44.325294,-116.059269,44.312779,-116.075069,1.16522713788,Roadwork on Clear Creek Rd/Cabarton Rd (ID-55) from Smiths Ferry Dr (ID-55) to ID-55.,,Main St,R,Cascade,Valley,ID,83611,US,US/Mountain,KMYL,2021-10-13 13:51:00,37.0,33.0,50.0,24.87,10.0,SE,5.0,0.0,Cloudy,False,False,False,False,False,False,False,False,False,False,False,False,False,Day,Day,Day,Day
C-5188266,1,2020-03-31 13:20:30,2020-03-31 13:54:45,40.94493,-73.84834000000002,40.93772,-73.83787,0.7394411236849999,At Bronx River Pky - Roadwork. Left lane closed.,,Sprain Brook Pkwy S,R,Bronxville,Westchester,NY,10708,US,US/Eastern,KHPN,2020-03-31 13:56:00,42.0,42.0,70.0,29.53,10.0,CALM,0.0,0.0,Mostly Cloudy,False,False,False,False,True,False,False,False,False,False,False,False,False,Day,Day,Day,Day
C-5188267,4,2020-06-19 13:44:05,2020-06-19 18:03:50,32.49069,-98.54834,32.48747,-98.56139,0.792425128189,Closed at TX-254-LOOP/Exit 354 - Closed due to roadwork.,,I-20 W,R,Ranger,Eastland,TX,76470,US,US/Central,KBKD,2020-06-19 13:35:00,90.0,90.0,47.0,28.61,7.0,S,14.0,0.0,Mostly Cloudy,False,False,False,False,False,False,False,False,False,False,False,False,False,Day,Day,Day,Day
C-5188268,2,2021-10-04 16:24:00,2021-10-04 18:27:49,33.497531,-112.012995,33.494562,-112.012987,0.205138880521,Slow traffic from E Camelback Rd (N 32nd St) to E Thomas Rd (N 32nd St) due to roadwork.,4227.0,N 32nd St,R,Phoenix,Maricopa,AZ,85018-4722,US,US/Mountain,KPHX,2021-10-04 16:51:00,96.0,96.0,18.0,28.67,10.0,VAR,3.0,0.0,Mostly Cloudy,True,False,False,False,False,False,False,False,True,False,False,False,False,Day,Day,Day,Day
C-5188269,3,2018-12-15 06:01:00,2018-12-19 06:00:48,42.591112,-83.252062,42.590036,-83.250722,0.100862107417,At Opdyke Rd - Roadwork.,41155.0,Woodward Ave,L,Bloomfield Hills,Oakland,MI,48304,US,US/Eastern,KVLL,2018-12-15 05:55:00,32.2,24.4,89.0,30.19,10.0,NE,9.2,,Clear,False,False,False,False,False,False,False,False,False,False,False,False,False,Night,Night,Night,Night
C-5188270,2,2021-02-05 13:28:00,2021-02-05 19:16:34,30.26673,-81.617405,30.265061,-81.617703,0.116680071722,Slow traffic on FL-109 - US-1 S - FL-5 from I-95 S to Bowden Rd due to roadwork.,4933.0,University Blvd W,L,Jacksonville,Duval,FL,32216-5935,US,US/Eastern,KCRG,2021-02-05 13:53:00,61.0,61.0,81.0,29.87,10.0,SSW,13.0,0.0,Cloudy,False,False,True,False,False,False,False,False,False,False,False,True,False,Day,Day,Day,Day
C-5188271,2,2021-06-17 06:24:00,2021-06-18 11:52:34,40.48865900000001,-80.336784,40.492268,-80.32915600000003,0.4720593494889999,Construction on US-30 EB near WINTER TRL Allow extra time.,498.0,Hebron Rd,L,Imperial,Allegheny,PA,15126-2152,US,US/Eastern,KPIT,2021-06-17 06:51:00,48.0,48.0,80.0,28.78,10.0,CALM,0.0,0.0,Partly Cloudy,False,False,False,False,False,False,False,False,False,False,False,False,False,Day,Day,Day,Day
C-5188272,2,2021-10-12 16:16:30,2021-10-12 18:27:51,39.653131,-104.911502,39.652271,-104.913051,0.101591616654,Stationary traffic on CO-30 from S Oneida Way to E Ithaca Pl due to roadwork.,6639.0,E Hampden Ave,R,Denver,Denver,CO,80224,US,US/Mountain,KBKF,2021-10-12 16:21:00,46.0,44.0,87.0,24.02,10.0,N,6.0,0.0,Mostly Cloudy,False,False,True,False,False,False,False,False,False,False,False,False,False,Day,Day,Day,Day
C-5188273,2,2021-02-03 23:18:30,2021-02-04 00:21:00,36.483846,-119.153113,36.485081,-119.156795,0.2216290524069999,Stationary traffic on CA-201 from CA-245/Millwood Dr (Dodge Ave/Avenue 376/CA-201) to Road 156 (Avenue 384/CA-201) due to roadwork.,18560.0,Avenue 384,R,Visalia,Tulare,CA,93292-9141,US,US/Pacific,KVIS,2021-02-03 22:56:00,43.0,39.0,82.0,29.89,10.0,S,7.0,0.0,Fair,False,False,False,False,False,False,False,False,False,False,False,False,False,Night,Night,Night,Night
C-5188274,2,2016-06-08 10:40:33,2016-08-16 03:00:00,33.648008000000004,-117.834423,33.648554,-117.838575,0.241772500271,At University Dr - Construction work.,4450.0,Campus Dr,L,Irvine,Orange,CA,92617,US,US/Pacific,KSNA,2016-06-11 11:41:00,66.2,,73.0,29.98,8.0,South,12.7,,Overcast,False,False,False,False,False,False,False,False,False,False,False,False,False,Day,Day,Day,Day
C-5188275,4,2017-11-30 23:00:00,2017-12-01 23:15:00,39.89009,-83.03448,39.89186,-83.03768000000002,0.20912788822,Ramp to US-23/High St/Exit 52 - Narrow lanes. Queuing traffic. Construction work.,,Outerbelt W,R,Grove City,Franklin,OH,43123,US,US/Eastern,KTZR,2017-11-30 22:55:00,37.6,34.0,90.0,30.17,10.0,West,4.6,,Clear,False,False,False,False,True,False,False,False,False,False,False,False,False,Night,Night,Night,Night
C-5188276,2,2021-01-23 15:52:30,2021-01-23 23:26:24,41.13486,-112.06448799999998,41.140457,-112.064454,0.386719916357,Stationary traffic on UT-108 from W 800 N (N 2000 W/UT-108) to W 6000 S (S 3500 W/UT-108) due to roadwork.,1468.0,N 2000 W,R,Clearfield,Davis,UT,84015-8340,US,US/Mountain,KHIF,,,,,,,,,,,False,False,False,False,False,False,False,False,True,False,False,False,False,Day,Day,Day,Day
C-5188277,2,2019-03-04 09:02:16,2019-03-08 09:01:46,37.331829,-121.904724,37.33178,-121.905624,0.0495606322765999,At Bush St - Construction work.,731.0,The Alameda,R,San Jose,Santa Clara,CA,95126-3155,US,US/Pacific,KSJC,2019-03-04 08:53:00,53.1,,71.0,30.14,10.0,ESE,6.9,,Mostly Cloudy,True,False,True,False,False,False,False,False,True,False,False,False,False,Day,Day,Day,Day
C-5188278,2,2020-09-05 14:35:00,2020-09-06 00:20:22,26.52751,-80.093665,26.528231,-80.090396,0.20813611172,Queuing traffic on FL-804 - FL-807 from Winchester Park Blvd to Old Boynton Rd due to resurfacing work.,1548.0,W Boynton Beach Blvd,L,Boynton Beach,Palm Beach,FL,33436-4606,US,US/Eastern,KBCT,2020-09-05 14:53:00,91.0,91.0,61.0,30.03,10.0,E,12.0,0.0,Partly Cloudy,False,False,False,False,False,False,False,False,False,False,False,True,False,Day,Day,Day,Day
C-5188279,2,2021-11-03 16:48:48,2021-11-03 17:54:44,28.591229,-81.356752,28.593123,-81.357766,0.144600875453,Slow traffic on FL-424A - FL-426 from Minnesota Ave to S Capen Ave due to roadwork.,771.0,S Pennsylvania Ave,R,Winter Park,Orange,FL,32789-5049,US,US/Eastern,KORL,2021-11-03 16:53:00,82.0,82.0,49.0,29.91,10.0,N,10.0,0.0,Partly Cloudy,False,False,False,False,False,False,False,False,False,False,False,False,False,Day,Day,Day,Day
C-5188280,2,2021-06-16 18:22:48,2021-06-16 18:48:51,40.684923,-73.978031,40.69133,-73.98208100000002,0.490906856866,Slow traffic from Atlantic Ave (Flatbush Ave) to Tillary St (Flatbush Ave) due to roadwork.,,Flatbush Ave,R,Brooklyn,Kings,NY,11217,US,US/Eastern,KJRB,2021-06-16 18:51:00,74.0,74.0,28.0,29.77,,VAR,5.0,0.0,Partly Cloudy,True,False,False,False,False,False,True,False,True,True,False,True,False,Day,Day,Day,Day
C-5188281,3,2021-09-24 04:11:35,2021-09-24 06:00:00,39.763409,-75.31336999999998,,,1.42999994755,Road closed due to construction on US-322 both ways between CR-653 Paulsboro Swedesboro Rd and CR-671 Oak Grove Rd.,,Swedesboro Rd,R,Swedesboro,Gloucester,NJ,08085,US,US/Eastern,KPHL,2021-09-24 03:54:00,60.0,60.0,80.0,30.01,10.0,CALM,0.0,0.0,Fair,False,False,False,False,False,False,False,False,False,False,False,False,False,Night,Night,Night,Night
C-5188282,2,2020-11-30 12:49:30,2020-12-01 01:58:29,33.430764,-112.13456,33.438325,-112.134615,0.522424970593,Slow traffic from W Durango St (S 35th Ave) to W Van Buren St (N 35th Ave) due to roadwork.,1799.0,S 35th Ave,L,Phoenix,Maricopa,AZ,85009-6706,US,US/Mountain,KPHX,2020-11-30 12:51:00,71.0,71.0,14.0,28.95,10.0,VAR,6.0,0.0,Mostly Cloudy,False,False,False,False,False,False,False,False,False,False,False,False,False,Day,Day,Day,Day
C-5188283,4,2021-05-28 00:00:00,2021-06-04 23:59:59,29.664374,-98.399857,29.66475,-98.400855,0.0653074166416,Closed road from San Antonio North to Resort Pkwy due to roadwork.,,Resort Pkwy,R,San Antonio,Bexar,TX,78261,US,US/Central,KSAT,2021-05-28 00:30:00,78.0,78.0,84.0,29.13,10.0,SE,8.0,0.0,Cloudy,False,False,False,False,False,False,False,False,False,False,False,False,False,Night,Night,Night,Night
C-5188284,2,2019-04-02 09:00:00,2019-04-02 15:00:00,41.550751,-73.049477,,,0.0,Intermittent lane closures due to construction work on Sunnyside Ave both ways at Riverside St.,517.0,Riverside St,L,Waterbury,New Haven,CT,06708-3558,US,US/Eastern,KOXC,2019-04-02 08:51:00,35.0,27.0,59.0,29.63,10.0,SSE,10.0,0.0,Fair,False,False,False,False,False,False,False,False,False,False,False,False,False,Day,Day,Day,Day
C-5188285,2,2021-09-01 07:23:30,2021-09-01 07:45:30,39.907611,-86.118339,39.901391,-86.12186899999998,0.468722364842,Stationary traffic from Woodfield Crossing Blvd (N Keystone Ave) to White River Dr (N Keystone Ave) due to roadwork.,,Woodfield Crossing Blvd,R,Indianapolis,Marion,IN,46240,US,US/Eastern,KEYE,2021-09-01 06:53:00,68.0,68.0,73.0,28.92,10.0,NNE,9.0,0.0,Fair,False,False,False,False,False,False,False,False,False,False,False,True,False,Day,Day,Day,Day
C-5188286,2,2017-09-07 07:01:36,2017-09-07 13:01:36,40.85636,-82.25854,40.85303,-82.26267,0.315471062312,At US-250/Exit 186 - Construction work.,,I-71 S,R,Ashland,Ashland,OH,44805,US,US/Eastern,KMFD,2017-09-07 07:02:00,48.9,,100.0,29.98,2.0,WSW,9.2,,Overcast,False,False,False,False,False,False,False,False,False,False,False,False,False,Night,Day,Day,Day
C-5188287,2,2019-02-07 08:56:13,2019-02-11 08:56:08,34.163251,-118.297999,34.16578,-118.29529,0.233492628215,At I-5/Flower St - Roadwork.,437.0,Western Ave,L,Glendale,Los Angeles,CA,91201-2837,US,US/Pacific,KBUR,2019-02-07 08:53:00,46.9,,41.0,30.27,10.0,NW,5.8,,Clear,False,False,False,False,False,False,False,False,False,False,False,True,False,Day,Day,Day,Day
C-5188288,2,2021-11-22 17:36:54,2021-11-22 17:48:01,32.725381,-96.826338,32.714008,-96.829651,0.809054809464,Slow traffic on US-67 S - US-77 S - R L Thornton Fwy S - I-35E S from Zang Blvd/Exit 425 (I-35E) to US-67/Exit 423A (I-35E) due to roadwork.,,I-35E S,R,Dallas,Dallas,TX,75224,US,US/Central,KRBD,2021-11-22 17:53:00,54.0,54.0,43.0,29.48,10.0,CALM,0.0,0.0,Fair,False,False,False,False,False,False,False,False,False,False,False,False,False,Night,Day,Day,Day
C-5188289,2,2020-12-19 21:14:00,2020-12-19 21:38:30,39.746948,-77.090232,39.744722,-77.088197,0.187996626021,Stationary traffic on PA-97 from White Hall Rd (Baltimore Pike/N Queen St/PA-97) to PA-194/King St (Queen St/PA-97) due to roadwork.,2.0,W Myrtle St,R,Littlestown,Adams,PA,17340-1114,US,US/Eastern,KDMW,2020-12-19 21:15:00,28.0,28.0,93.0,29.4,10.0,CALM,0.0,0.0,Mostly Cloudy,False,False,False,False,False,False,False,False,False,False,False,False,False,Night,Night,Night,Night
C-5188290,3,2016-12-22 21:00:00,2016-12-23 05:00:00,40.73204000000001,-74.04512,40.739174,-74.067775,1.28442695882,Between I-78/New Jersey Tpke Ext (Retired) and US-1-9-TRUCK/Tonnele Ave - Construction work.,,NJ-139 W,R,Jersey City,Hudson,NJ,07310,US,US/Eastern,KJRB,2016-12-22 20:56:00,41.0,38.0,60.0,30.13,,West,4.6,,Clear,False,False,False,False,False,False,False,False,False,False,False,False,False,Night,Night,Night,Night
C-5188291,2,2021-08-24 11:48:08,2021-08-24 14:18:55,40.758976,-73.993936,40.757589,-73.990643,0.197195507514,Slow traffic from Dyer Ave (W 42nd St) to 8th Ave (W 42nd St) due to roadwork.,431.0,W 42nd St,R,New York,New York,NY,10036-6808,US,US/Eastern,KNYC,2021-08-24 11:51:00,86.0,86.0,49.0,29.86,10.0,VAR,5.0,0.0,Fair,True,False,True,False,False,False,False,False,True,False,False,True,False,Day,Day,Day,Day
C-5188292,2,2018-02-05 07:00:00,2018-02-05 19:01:00,40.019962,-105.24958,,,0.0,Narrow lanes and parking restrictions in force due to construction during the day time on 33rd St both ways from Arnold Dr to Walnut St.,3298.0,Walnut St,R,Boulder,Boulder,CO,80301-2514,US,US/Mountain,KBDU,2018-02-05 06:54:00,46.4,44.3,50.0,29.78,10.0,North,4.6,,Clear,False,False,False,False,False,False,False,False,False,False,False,False,False,Night,Day,Day,Day
C-5188293,2,2021-03-23 05:29:30,2021-08-16 16:07:54,36.075318,-96.006571,36.087209,-96.005785,0.822761353182,Slow traffic on US-75 N from W 61st St to W Skelly Dr due to roadwork.,,Okmulgee Expy N,R,Tulsa,Tulsa,OK,74107,US,US/Central,KRVS,2021-03-23 05:25:00,54.0,54.0,86.0,28.79,6.0,SSW,9.0,0.05,Light Rain,False,False,False,False,False,False,False,False,False,False,False,False,False,Night,Night,Night,Night
C-5188294,2,2021-06-09 02:12:54,2021-11-10 19:14:19,33.479643,-112.030187,33.480294,-112.030757,0.0556976028869,Stationary traffic from E Edgemont Ave to Piestewa Fwy N due to roadwork.,2853.0,N 24th St,R,Phoenix,Maricopa,AZ,85008-1048,US,US/Mountain,KPHX,2021-11-10 16:51:00,82.0,82.0,18.0,28.75,10.0,WSW,9.0,0.0,Fair,False,False,False,False,False,False,False,False,True,False,False,False,False,Night,Night,Night,Night
C-5188295,2,2021-10-11 22:46:30,2021-10-11 23:25:00,42.144516,-122.638461,42.11529,-122.622192,2.18463692166,Slow traffic on OR-99 S - Pacific Highway 1 S - I-5 S from OR-99/Exit 11 (I-5) to Old Siskiyou Hwy/Exit 6 (I-5) due to roadwork.,,I-5 S,R,Ashland,Jackson,OR,97520,US,US/Pacific,KMFR,2021-10-11 22:53:00,40.0,35.0,70.0,28.8,10.0,SE,7.0,0.0,Fair,False,False,False,False,False,False,False,False,False,False,False,False,False,Night,Night,Night,Night
C-5188296,4,2019-01-09 23:03:16,2019-01-10 04:03:02,25.78365,-80.26966999999998,25.78349,-80.27269,0.188213407867,Ramp closed to SR-836-TOLL/Dolphin Expy Westbound - Closed due to roadwork.,,NW 45th Ave,R,Miami,Miami-Dade,FL,33126,US,US/Eastern,KMIA,2019-01-09 22:53:00,66.0,,75.0,30.04,10.0,WNW,9.2,,Mostly Cloudy,False,False,False,False,False,False,False,False,False,False,False,True,False,Night,Night,Night,Night
C-5188297,2,2020-08-27 12:04:00,2020-08-28 02:32:41,40.804387,-73.937423,40.805526,-73.940148,0.162800825038,Queuing traffic from 2nd Ave (E 125th St) to 5th Ave (New York) (East) (E 125th St) due to resurfacing work.,150.0,E 125th St,R,New York,New York,NY,10035-1747,US,US/Eastern,KNYC,2020-08-27 11:51:00,79.0,,72.0,29.67,10.0,,,0.0,Fair,True,False,True,False,False,False,True,False,True,False,False,True,False,Day,Day,Day,Day
C-5188298,2,2021-09-04 10:30:10,2021-09-04 10:53:42,36.048597,-94.176928,36.04956,-94.180862,0.2296165102589999,Stationary traffic on AR-112 - AR-16 from US-71 Bus/AR-265/S School Ave (AR-265/AR-16) to AR-112/AR-180/W 6th St (AR-16) due to roadwork.,1068.0,W 15th St,R,Fayetteville,Washington,AR,72701-6703,US,US/Central,KFYV,2021-09-04 10:53:00,85.0,85.0,65.0,28.66,10.0,SSW,14.0,0.0,Fair,False,False,True,False,False,False,False,False,False,False,False,False,False,Day,Day,Day,Day
C-5188299,2,2021-01-22 17:09:30,2021-01-22 17:40:01,44.709982,-122.197562,44.715919,-122.192365,0.483099312963,Stationary traffic on OR-22 from Gates Hill Rd (OR-22) to Breitenbush Rd (OR-22) due to roadwork.,43274.0,N Santiam Hwy,L,Detroit,Marion,OR,97342,US,US/Pacific,KSLE,2021-01-22 16:56:00,46.0,41.0,56.0,29.73,10.0,N,12.0,0.0,Fair,False,False,False,False,False,False,False,False,False,False,False,False,False,Night,Day,Day,Day
C-5188300,2,2020-06-06 11:56:35,2020-06-06 18:59:59,35.24488,-78.37406,35.11215,-78.18491999999998,14.078288506300002,Between NC-50/NC-55/Exit 341 and NC-403/Exit 355 - Roadwork. Single alternate lane traffic.,,I-40 E,R,Newton Grove,Sampson,NC,28366,US,US/Eastern,KCTZ,2020-06-06 11:55:00,83.0,83.0,77.0,29.79,10.0,W,6.0,0.0,Mostly Cloudy,False,False,False,False,False,False,False,False,False,False,False,False,False,Day,Day,Day,Day
C-5188301,2,2017-08-01 05:11:56,2017-08-26 00:01:00,40.85355,-96.682129,,,0.6100000143050001,Lane closed due to paving repairs on 27th St Southbound between Ticonderoga Dr and Dan Ave.,2676.0,Dan Ave,R,Lincoln,Lancaster,NE,68521,US,US/Central,KLNK,2017-08-01 04:54:00,66.0,,90.0,30.1,,WNW,3.5,,Clear,False,False,False,False,False,False,False,False,False,False,False,False,False,Night,Night,Night,Day
C-5188302,2,2020-08-25 15:36:30,2020-08-25 21:13:30,46.946285,-122.614492,46.941935,-122.606542,0.480588635421,Stationary traffic on WA-510 from Yelm Hwy (WA-510) to WA-507/1st St (E Yelm Ave/WA-510) due to roadwork.,2.0,Cullens St NW,R,Yelm,Thurston,WA,98597,US,US/Pacific,KGRF,2020-08-25 15:58:00,76.0,76.0,53.0,29.62,10.0,WSW,7.0,0.0,Fair,False,False,False,False,False,False,False,False,False,False,False,True,False,Day,Day,Day,Day
C-5188303,2,2021-07-19 02:41:29,2021-12-15 16:50:00,36.898512,-113.90625,36.893524,-113.922363,0.954712344267,Slow traffic on I-15 S from Exit 278 (I-15) to Exit 8 (I-15) due to roadwork.,,I-15 S,R,Littlefield,Mohave,AZ,86432,US,US/Mountain,KSGU,2021-12-15 16:56:00,43.0,39.0,43.0,27.16,10.0,W,6.0,0.0,Fair,False,False,False,False,False,False,False,False,False,False,False,False,False,Night,Night,Night,Night
C-5188304,2,2021-12-22 15:56:36,2021-12-22 18:05:36,30.69212700000001,-88.027858,30.692993,-88.03093199999998,0.19219232112,Slow traffic on AL-16 - AL-13 - US-90 E - US-90 W - AL-42 - US-98 E - US-98 W from I-10 (Mobile) (US-98) to US-98/US-90 (US-98) due to roadwork.,,I-10 W,R,Mobile,Mobile,AL,36602,US,US/Central,KBFM,2021-12-22 15:53:00,63.0,63.0,41.0,30.07,10.0,NW,7.0,0.0,Fair,False,False,False,False,False,False,False,False,False,False,False,False,False,Day,Day,Day,Day
C-5188305,3,2020-04-07 05:00:52,2020-04-08 05:00:52,36.11893,-86.76742,36.11596,-86.7804,0.7529727400470001,At I-65/Exit 5 - Roadwork. Lane blocked.,,I-440 W,R,Nashville,Davidson,TN,37204,US,US/Central,KBNA,2020-04-07 04:53:00,64.0,64.0,72.0,29.34,10.0,S,6.0,0.0,Cloudy,False,False,False,False,True,False,False,False,False,False,False,False,False,Night,Night,Night,Day
C-5188306,2,2020-11-23 15:09:00,2020-11-24 02:55:00,38.86389000000001,-76.99537600000002,38.845144,-77.00754599999998,1.45134243744,Slow traffic on I-295 S from Howard Rd/Exit 3B (I-695/I-295) to Malcolm X Ave/2nd St/Exit 2 (I-695/I-295) due to roadwork.,,I-295 S,R,Washington,District of Columbia,DC,20020,US,US/Eastern,KWBC,2020-11-23 14:56:00,51.0,51.0,39.0,29.81,10.0,NW,24.0,0.0,Fair / Windy,False,False,False,False,False,False,False,False,False,False,False,False,False,Day,Day,Day,Day
C-5188307,2,2020-05-11 07:00:00,2020-08-06 09:59:25,45.741995,-87.151955,45.745755,-87.095585,2.7304368996,Construction on US-41 EB near OLD US-2 Expect delays.,,K.5 Rd,R,Escanaba,Delta,MI,49829,US,US/Eastern,KESC,2020-05-11 06:56:00,33.0,28.0,66.0,29.49,10.0,NNW,6.0,0.0,Cloudy,False,False,False,False,False,False,False,False,False,False,False,False,False,Day,Day,Day,Day
C-5188308,2,2021-06-24 08:23:30,2021-06-24 09:45:00,48.14888300000001,-104.501953,48.151213,-104.454363,2.19969777407,Slow traffic on US-2 W - US-2 E from MT-16/1st Ave E (US-2) to MT--ND State Border (US-2) due to roadwork.,1681.0,US Highway 2,R,Culbertson,Roosevelt,MT,59218-9342,US,US/Mountain,KSDY,2021-06-24 07:56:00,61.0,61.0,75.0,27.87,10.0,S,5.0,0.0,Cloudy,False,False,False,False,False,False,False,False,False,False,False,False,False,Day,Day,Day,Day
C-5188309,2,2020-10-03 17:37:00,2020-10-03 18:29:30,36.197108,-80.81132,36.235938,-80.81657,2.6988119686900003,Queuing traffic on I-77 from US-21/Exit 79 (I-77) to NC-67/Exit 82 (I-77) due to roadwork.,,US-21 N,R,Jonesville,Yadkin,NC,28642,US,US/Eastern,KUKF,2020-10-03 17:35:00,63.0,63.0,48.0,28.85,10.0,SE,3.0,0.0,Fair,False,False,False,False,False,False,False,False,False,False,False,False,False,Day,Day,Day,Day
C-5188310,2,2021-08-26 05:00:00,2021-08-26 21:45:00,43.474686,-89.72663399999998,43.474676,-89.725187,0.072555302617,Construction on WI-33 EB near WASHINGTON AVE Expect delays.,1010.0,8th St,L,Baraboo,Sauk,WI,53913-1850,US,US/Central,KDLL,2021-08-26 04:55:00,64.0,64.0,100.0,29.11,10.0,CALM,0.0,0.0,Partly Cloudy,False,False,False,False,False,False,False,False,False,False,False,False,False,Night,Night,Night,Day
C-5188311,2,2021-03-05 06:47:30,2021-03-05 17:10:30,42.447418,-88.993689,42.443405,-88.992237,0.28698479984,Stationary traffic on Jane Addams Memorial Tollway S - I-90 E - US-51 S - I-39 S from Rockton Toll Plaza (I-90/I-39) to IL-173/W Lane Rd (Jane Addams Memorial Tollway/I-90/I-39) due to roadwork.,,I-39 S,R,Roscoe,Winnebago,IL,61073,US,US/Central,KJVL,2021-03-05 06:45:00,18.0,18.0,100.0,29.51,6.0,CALM,0.0,0.0,Partly Cloudy,False,False,False,False,False,False,False,False,False,False,False,False,False,Day,Day,Day,Day
C-5188312,4,2020-06-14 23:39:29,2020-06-15 04:37:50,29.6903,-95.37839,29.66822,-95.38323,1.55300244433,Closed between Yellowstone Blvd and Bellfort Ave - Closed due to roadwork.,,S Freeway S,R,Houston,Harris,TX,77021,US,US/Central,KMCJ,2020-06-14 23:53:00,80.0,80.0,79.0,30.03,10.0,SE,7.0,0.0,Partly Cloudy,False,False,False,False,False,False,False,False,False,False,False,False,False,Night,Night,Night,Night
C-5188313,3,2020-06-09 10:36:58,2020-06-09 11:20:41,45.582279,-118.587563,,,1.73000001907,Exit ramp from I-84 Westbound at Exit 224 to Poverty Flat Rd Northbound closed due to maintenance work.,,I-84 W,R,Pendleton,Umatilla,OR,97801,US,US/Pacific,KPDT,2020-06-09 10:53:00,64.0,64.0,56.0,28.54,10.0,SE,9.0,0.0,Light Rain,False,False,False,False,False,False,False,False,False,False,False,False,False,Day,Day,Day,Day
C-5188314,2,2021-12-22 12:34:03,2021-12-22 15:12:24,29.975512,-90.179762,29.975777,-90.178015,0.106151308544,Stationary traffic on LA-3152 - US-61 S from Highland Ave E to Flamingo St due to roadwork.,4522.0,Airline Dr,R,Metairie,Jefferson,LA,70001-5647,US,US/Pacific,KAUD,2021-12-22 12:55:00,63.0,63.0,43.0,30.1,10.0,NW,7.0,0.0,Fair,False,False,True,False,False,False,False,False,False,False,False,True,False,Day,Day,Day,Day
C-5188315,2,2021-08-27 00:01:00,2021-08-31 23:59:00,44.877628,-98.482788,,,4.8800001144400005,Intermittent lane closures due to construction work on US-212 both ways between US-281 3rd St and CR-18 387th Ave.,38699.0,US Highway 212,R,Redfield,Spink,SD,57469-6644,US,US/Central,KHON,2021-08-27 00:55:00,69.0,69.0,87.0,28.53,10.0,ESE,12.0,0.0,Fair,False,False,False,False,False,False,False,False,False,False,False,False,False,Night,Night,Night,Night
C-5188316,2,2020-12-08 04:07:34,2020-12-08 05:00:00,45.648708,-122.662003,,,0.0,Intermittent lane closures due to construction during the night on WA-500 Westbound before I-5 .,,I-5 S,R,Vancouver,Clark,WA,98663,US,US/Pacific,KVUO,2020-12-08 03:53:00,40.0,40.0,77.0,30.26,10.0,E,3.0,0.0,Fair,False,False,False,False,False,False,False,False,False,False,False,False,False,Night,Night,Night,Night
C-5188317,2,2019-09-26 19:00:00,2019-09-27 05:00:00,37.601811,-105.185348,37.611399,-105.185973,0.663350461825,At CO-159/Miranda Ave - Road marking work.,1498.0,US Highway 160,R,La Veta,Huerfano,CO,81055,US,US/Mountain,KVTP,2019-09-26 18:49:00,55.0,55.0,36.0,20.58,10.0,WSW,17.0,0.0,Partly Cloudy,False,False,False,False,False,False,False,False,False,False,False,False,False,Night,Day,Day,Day
C-5188318,2,2020-11-19 00:33:12,2020-11-19 01:04:00,40.768097,-73.96464399999998,40.767184,-73.96247,0.130082227129,Slow traffic from Park Ave to 3rd Ave due to roadwork.,116.0,E 68th St,R,New York,New York,NY,10065-5978,US,US/Eastern,KNYC,2020-11-19 00:51:00,31.0,26.0,50.0,30.49,10.0,WNW,5.0,0.0,Fair,True,False,True,False,False,False,False,False,True,False,False,True,False,Night,Night,Night,Night
C-5188319,2,2019-10-07 11:00:00,2019-10-07 20:00:00,30.439951,-84.282013,,,0.0,Road closed due to construction work on Jefferson St both ways between Duval St and Adams St.,298.0,S Adams St,R,Tallahassee,Leon,FL,32301-1733,US,US/Eastern,KTLH,2019-10-07 10:53:00,78.0,78.0,79.0,29.92,10.0,NNE,7.0,0.0,Mostly Cloudy,False,False,True,False,False,False,False,False,False,False,False,True,False,Day,Day,Day,Day
C-5188320,2,2019-10-10 19:03:09,2019-10-14 19:02:54,41.74276,-71.44491,41.75435,-71.43721,0.893766833408,Between RI-37/Exit 14 and Jefferson Blvd/Exit 15 - Construction work. Lane blocked.,,I-95 N,R,Cranston,Providence,RI,02920,US,US/Eastern,KPVD,2019-10-10 18:51:00,54.0,54.0,66.0,30.14,10.0,NNE,18.0,0.0,Cloudy,False,False,False,False,False,False,False,False,False,False,False,False,False,Night,Night,Day,Day
C-5188321,2,2017-03-16 09:46:33,2017-03-16 15:00:00,33.61622,-117.90718,33.61628,-117.901229,0.342436887598,Between Dover Dr and Bayside Dr - Construction work.,,Bayshore Dr,R,Newport Beach,Orange,CA,92663,US,US/Pacific,KSNA,2017-03-16 09:53:00,62.1,,84.0,30.13,9.0,Calm,,,Scattered Clouds,False,False,False,False,False,False,False,False,False,False,False,True,False,Day,Day,Day,Day
C-5188322,2,2021-09-21 07:28:00,2021-09-21 09:31:10,26.275017,-80.120201,26.276297,-80.119429,0.10054425014,Slow traffic on FL-834 from I-95 N / NW 36th St to NE 38th St due to roadwork.,3198.0,NE 2nd Ave,R,Pompano Beach,Broward,FL,33064-3616,US,US/Eastern,KPMP,2021-09-21 07:53:00,79.0,79.0,82.0,29.99,10.0,CALM,0.0,0.0,Mostly Cloudy,False,False,False,False,False,False,False,False,False,False,False,False,False,Day,Day,Day,Day
C-5188323,2,2021-06-16 18:42:47,2021-06-16 19:15:38,40.654087,-73.961747,40.660473,-73.96281,0.444734642505,Slow traffic from NY-27/Caton Ave (Ocean Ave) to Flatbush Ave (Ocean Ave) due to roadwork.,359.0,Ocean Ave,L,Brooklyn,Kings,NY,11226-1703,US,US/Eastern,KJRB,2021-06-16 18:51:00,74.0,74.0,28.0,29.77,,VAR,5.0,0.0,Partly Cloudy,True,False,True,False,False,False,True,False,True,False,False,True,False,Day,Day,Day,Day
C-5188324,4,2020-06-19 11:42:10,2020-06-19 13:42:10,47.75928,-116.89416,47.77375,-116.89408,0.999788684125,Closed at N McCartney St/W Crenshaw St - Closed due to roadwork.,6752.0,N Highway 41,R,Rathdrum,Kootenai,ID,83858,US,US/Pacific,KCOE,2020-06-19 11:56:00,76.0,76.0,42.0,27.59,10.0,VAR,5.0,0.0,Fair,False,False,False,False,False,False,False,False,False,False,False,True,False,Day,Day,Day,Day
C-5188325,2,2021-08-16 16:10:42,2021-08-16 16:31:48,40.790468,-73.953886,40.786583,-73.956676,0.305541222757,Slow traffic from E 106th St (5th Ave) to 79th St (5th Ave) due to roadwork.,2.0,Gustave L Levy Pl,R,New York,New York,NY,10029-6505,US,US/Eastern,KNYC,2021-08-16 15:51:00,79.0,79.0,52.0,30.09,10.0,CALM,0.0,0.0,Mostly Cloudy,False,False,True,False,False,False,False,False,True,False,False,True,False,Day,Day,Day,Day
C-5188326,2,2020-10-28 12:12:07,2020-11-02 23:23:11,40.718984000000006,-73.989297,40.719564,-73.991248,0.1097461510689999,Slow traffic from Williamsburg Bridge (Delancey St) to Bowery (Delancey St) due to roadwork.,90.0,Delancey St,R,New York,New York,NY,10002-3108,US,US/Eastern,KJRB,2020-10-28 12:30:00,53.0,53.0,96.0,29.9,2.0,WNW,3.0,0.01,Fog,True,False,True,False,False,False,True,False,False,False,False,True,False,Day,Day,Day,Day
C-5188327,2,2020-09-10 16:01:00,2020-09-10 22:46:00,33.542751,-117.176281,33.551501,-117.180531,0.652224534569,Construction on I-215 NB near MCCALL BLVD Expect delays.,,Escondido Fwy N,R,Murrieta,Riverside,CA,92563,US,US/Pacific,KF70,2020-09-10 15:55:00,88.0,88.0,11.0,28.56,10.0,CALM,0.0,0.0,Fair,False,False,False,False,True,False,False,False,False,False,False,False,False,Day,Day,Day,Day
C-5188328,2,2021-06-28 07:00:00,2021-06-28 20:45:00,40.62777,-91.40086,40.632052,-91.665348,13.8721524252,Construction on IA-2 WB near COUNTY HWY-X23 Drive with caution.,2653.0,Highway 2,R,Fort Madison,Lee,IA,52627-9534,US,US/Central,KFSW,2021-06-28 06:55:00,70.0,70.0,100.0,29.29,2.0,N,3.0,0.0,Light Rain,False,False,False,False,False,False,False,False,False,False,False,False,False,Day,Day,Day,Day
C-5188329,2,2021-04-18 08:06:00,2021-04-18 17:03:30,36.089941,-95.994932,36.088963,-96.017324,1.25206592155,Slow traffic on OK-66 W - I-44 W from Riverside Dr/Exit 226 (I-44) to US-75/Exit 224 (I-44) due to roadwork.,,I-44 W,R,Tulsa,Tulsa,OK,74107,US,US/Central,KRVS,2021-04-18 07:53:00,49.0,49.0,80.0,29.42,10.0,CALM,0.0,0.0,Partly Cloudy,False,False,False,False,False,False,False,False,False,False,False,False,False,Day,Day,Day,Day
C-5188330,2,2021-06-22 07:55:00,2021-06-22 10:01:21,27.950928,-82.354448,27.949539,-82.354291,0.0964479548261999,Slow traffic on US-301 S from CR-574/E Broadway Ave (US-301) to FL-60/Adamo Dr (US-301) due to roadwork.,232.0,N US Highway 301,L,Tampa,Hillsborough,FL,33619,US,US/Eastern,KTPF,,,,,,,,,,,False,False,False,False,False,False,False,False,False,False,False,True,False,Day,Day,Day,Day
C-5188331,4,2020-06-03 03:10:31,2020-06-03 05:10:23,39.95162,-75.18254,39.95309,-75.18184000000002,0.108122813363,At I-676/US-30/Exit 344/Exit 345 - Roadwork.,,Walnut St,R,Philadelphia,Philadelphia,PA,19104,US,US/Eastern,KPHL,2020-06-03 02:54:00,66.0,66.0,70.0,29.73,10.0,SW,10.0,0.0,Cloudy,True,False,True,False,True,False,False,False,False,False,False,True,False,Night,Night,Night,Night
C-5188332,2,2021-04-26 06:54:00,2021-04-26 07:19:00,30.320562,-90.967278,30.319551,-90.975634,0.503246381122,Slow traffic on LA-73 - LA-42 from Chenier Dr to Adams Ln due to roadwork.,37840.0,Highway 42,R,Prairieville,Ascension,LA,70769,US,US/Central,KL38,2021-04-26 06:53:00,55.0,55.0,93.0,29.96,10.0,CALM,0.0,0.0,Fair,False,False,False,False,False,False,False,False,False,False,False,False,False,Day,Day,Day,Day
C-5188333,2,2019-08-07 00:01:00,2019-08-09 23:59:00,42.617031,-89.63916,,,0.4199999868869999,Exit ramp from WI-11 Eastbound to Wi-69 Northbound closed due to construction.,,WI-69,R,Monroe,Green,WI,53566,US,US/Central,KEFT,2019-08-07 09:55:00,78.0,78.0,58.0,28.72,10.0,W,10.0,0.0,Fair,False,False,False,False,False,False,False,False,False,False,False,False,False,Night,Night,Night,Night
C-5188334,2,2021-08-13 13:09:30,2021-08-13 13:31:00,42.473322,-88.099756,42.470832,-88.093397,0.366913542494,Stationary traffic on IL-173 from IL-59 (IL-173) to IL-83/Main St (IL-173) due to roadwork.,456.0,W IL Route 173,R,Antioch,Lake,IL,60002,US,US/Central,KENW,2021-08-13 12:53:00,80.0,80.0,40.0,29.32,10.0,W,8.0,0.0,Fair,False,False,False,False,False,False,False,False,False,False,False,True,False,Day,Day,Day,Day
C-5188335,2,2021-04-06 06:45:00,2021-04-06 12:12:00,44.771568,-93.642671,44.758535,-93.642686,0.900494837636,Slow traffic on County Hwy-11 - County Hwy-147 from Spring Creek Dr to County Road 147 due to roadwork.,1968.0,Jonathan Carver Pkwy,L,Carver,Carver,MN,55315,US,US/Central,KFCM,2021-04-06 06:53:00,50.0,50.0,80.0,28.75,10.0,N,9.0,0.0,Fair,False,False,False,False,False,False,False,False,False,False,False,False,False,Day,Day,Day,Day
C-5188336,2,2021-11-21 12:28:00,2021-11-21 13:02:30,34.024438,-118.355378,34.02152,-118.356473,0.211140852141,Stationary traffic from W Jefferson Blvd to S Sycamore Ave due to roadwork.,3433.0,S La Brea Ave,R,Los Angeles,Los Angeles,CA,90016-5257,US,US/Pacific,KSMO,2021-11-21 12:19:00,85.0,85.0,11.0,29.88,10.0,VAR,7.0,0.0,Fair,False,False,False,False,False,False,False,False,True,False,False,False,False,Day,Day,Day,Day
C-5188337,2,2019-12-11 11:27:46,2020-11-29 21:15:46,41.65857000000001,-83.5629,41.63272,-83.54217,2.08221248204,Between Bancroft St/Exit 203 and South Ave/Kuhlman Dr/Exit 200 - Roadwork. Roadway reduced to 2 lanes.,,I-75 S,R,Toledo,Lucas,OH,43620,US,US/Eastern,KDUH,2019-12-11 11:35:00,23.0,14.0,62.0,29.61,10.0,W,9.0,0.0,Mostly Cloudy,False,False,False,False,False,False,False,False,False,False,False,False,False,Day,Day,Day,Day
C-5188338,4,2021-05-21 07:12:00,2021-05-25 19:36:45,40.147315,-79.898167,40.131585,-79.879747,1.45871672146,Construction on PA-906 EB near LOCK AND DAM FOUR RD Road closed. Take alternate route.,2298.0,Gibsonton Rd,L,Belle Vernon,Westmoreland,PA,15012-4580,US,US/Eastern,KAGC,2021-05-21 06:53:00,63.0,63.0,70.0,29.1,4.0,SSE,6.0,0.0,Haze,False,False,False,False,False,False,False,False,False,False,False,False,False,Day,Day,Day,Day
C-5188339,2,2021-11-19 13:01:30,2021-11-23 12:09:26,33.426761,-112.082433,33.429358,-112.082378,0.179463636514,Stationary traffic from W Broadway Rd (S 7th Ave) to I-17/US-60/W Maricopa Fwy (S 7th Ave) due to roadwork.,2253.0,S 7th Ave,L,Phoenix,Maricopa,AZ,85007-4301,US,US/Mountain,KPHX,2021-11-19 12:51:00,79.0,79.0,13.0,28.84,10.0,SSE,7.0,0.0,Mostly Cloudy,False,False,False,False,False,False,False,False,False,False,False,True,False,Day,Day,Day,Day
C-5188340,2,2021-08-12 18:30:00,2021-08-25 14:00:19,27.16052800000001,-80.300639,27.161428000000004,-80.301383,0.0771927624731,Stationary traffic on FL-714 - County Hwy-714 from Stuart to Florida's Turnpike N due to roadwork.,,SW Martin Downs Blvd,R,Palm City,Martin,FL,34990,US,US/Eastern,KSUA,2021-08-25 11:50:00,90.0,90.0,59.0,30.08,6.0,E,16.0,0.0,Haze,False,False,False,False,False,False,False,False,False,False,False,False,False,Day,Day,Day,Day
C-5188341,2,2020-05-31 22:23:19,2020-06-01 22:30:00,38.57526,-122.5805,38.565,-122.558,1.4070809895299998,At Dunaweal Ln - Roadwork. Single alternate lane traffic.,1148.0,Foothill Blvd,R,Calistoga,Napa,CA,94515,US,US/Pacific,KSTS,2020-05-31 21:53:00,57.0,57.0,87.0,29.79,10.0,S,5.0,0.0,Fair,True,False,False,False,False,False,False,False,False,False,False,False,False,Night,Night,Night,Night
C-5188342,2,2021-09-11 16:23:30,2021-09-11 17:59:30,25.928363,-80.195113,25.927882,-80.204369,0.576115197266,Slow traffic on FL-826 from FL-915/6th Ave (FL-826) to 2nd Ave (FL-826) due to roadwork.,263.0,NE 167th St,L,Miami,Miami-Dade,FL,33162-2302,US,US/Eastern,KHWO,2021-09-11 15:53:00,90.0,90.0,52.0,30.07,10.0,ESE,10.0,0.0,Fair,False,False,False,False,False,False,False,False,False,False,False,True,False,Day,Day,Day,Day
C-5188343,2,2016-05-26 08:56:43,2016-05-26 17:00:00,34.17598,-117.27819,34.182549,-117.273948,0.5145823395520001,Between Sierra Way and Old Waterman Canyon Rd - Construction work.,,N Sierra Way,R,San Bernardino,San Bernardino,CA,92404,US,US/Pacific,KSBD,2016-05-26 08:50:00,62.6,,55.0,30.08,7.0,SSW,3.5,,Scattered Clouds,False,False,False,False,True,False,False,False,False,False,False,False,False,Day,Day,Day,Day
C-5188344,2,2020-05-18 16:43:06,2020-10-07 20:22:36,36.675091,-96.013849,36.723144,-96.007508,3.3386774370200003,Construction on OK-123 near US-60 Allow extra time.,12305.0,State Highway 123,L,Bartlesville,Osage,OK,74003,US,US/Central,KBVO,2020-05-18 16:53:00,74.0,74.0,52.0,29.15,10.0,CALM,0.0,0.0,Fair,False,False,False,False,False,False,False,False,False,False,False,False,False,Day,Day,Day,Day
C-5188345,2,2020-10-27 04:33:17,2020-10-27 06:30:00,37.577396,-122.320808,,,2.53999996185,One lane closed due to construction during the night on US-101 both ways from Exit 417B Airport Blvd to Exit 417A Bayshore Blvd.,,Bayshore Fwy N,R,San Mateo,San Mateo,CA,94401,US,US/Pacific,KSFO,2020-10-27 04:56:00,56.0,56.0,36.0,30.07,10.0,SW,3.0,0.0,Fair,False,False,False,False,False,False,False,False,False,False,False,False,False,Night,Night,Night,Night
C-5188346,2,2020-05-24 19:34:16,2020-05-28 19:33:56,42.11,-87.97102,42.11018,-87.99876,1.42193715025,Between Brighton Pl and IL-53 - Construction work.,,Palatine Road Express Ln,R,Arlington Heights,Cook,IL,60004,US,US/Central,KPWK,2020-05-24 19:52:00,81.0,81.0,60.0,29.17,10.0,SE,7.0,0.0,Fair,False,False,True,False,False,False,False,False,False,False,False,False,False,Day,Day,Day,Day
C-5188347,2,2021-03-02 05:51:30,2021-03-02 09:57:45,35.365572,-97.579395,35.398504,-97.574764,2.2902905490900003,Slow traffic on Will Rogers Expy N - US-62 E - I-44 E from 119th St/Exit 111 (I-44) to I-240/OK-3/Exit 115 (I-44) due to roadwork.,,I-44 E,R,Oklahoma City,Cleveland,OK,73159,US,US/Central,KOKC,2021-03-02 05:52:00,32.0,27.0,82.0,28.88,10.0,WSW,5.0,0.0,Fair,False,False,False,False,False,False,False,False,False,False,False,False,False,Night,Night,Night,Day
C-5188348,2,2020-08-11 13:48:42,2020-08-12 01:33:00,45.230324,-123.860961,45.104485,-123.789168,9.37165264877,Construction on OR-22 EB near MP 0 Allow extra time.,30956.0,Highway 22,L,Hebo,Tillamook,OR,97122,US,US/Pacific,KS47,2020-08-11 13:55:00,66.0,66.0,60.0,30.0,10.0,WNW,16.0,0.0,Fair,False,False,False,False,False,False,False,False,False,False,False,False,False,Day,Day,Day,Day
C-5188349,2,2021-03-21 05:01:00,2021-12-27 17:55:30,47.19081,-122.46229,47.240309,-122.399679,4.50899181984,Slow traffic on I-5 N from 84th St/Hosmer St/Exit 128 (I-5) to Port of Tacoma Rd/Exit 136 (I-5) due to roadwork.,,I-5 N,R,Tacoma,Pierce,WA,98408,US,US/Pacific,KTCM,2021-12-27 10:58:00,20.0,11.0,65.0,29.51,10.0,E,7.0,0.0,Fair,False,False,False,False,False,False,False,False,False,False,False,False,False,Night,Night,Night,Night
C-5188350,2,2017-10-03 08:42:30,2017-10-03 14:45:17,41.137691,-77.44223000000002,41.141778,-77.459618,0.947823172452,At Eagleton Rd - Roadwork. Lane blocked.,357.0,N Jay St,L,Lock Haven,Clinton,PA,17745,US,US/Eastern,KIPT,2017-10-03 08:54:00,46.0,,96.0,30.61,1.0,Calm,,,Mist,False,False,True,False,False,False,True,False,False,True,False,False,False,Day,Day,Day,Day
C-5188351,2,2020-09-27 12:34:30,2020-09-29 00:30:20,37.09465,-119.318236,37.092312,-119.318011,0.162015658614,Roadwork on CA-168 from Huntington Lake Rd/Tollhouse Rd (CA-168) to Woodland Rd (Tollhouse Rd/CA-168).,25284.0,Highway 168,R,Shaver Lake,Fresno,CA,93664,US,US/Pacific,KFAT,2020-09-27 12:53:00,83.0,83.0,36.0,29.55,10.0,VAR,3.0,0.0,Cloudy,False,False,False,False,False,False,False,False,False,False,False,False,False,Day,Day,Day,Day
C-5188352,3,2017-08-01 10:00:00,2017-08-01 14:00:00,40.710247,-73.820999,,,0.0,One lane closed due to construction work on I-678 Van Wyck Expy Northbound near Exit 9 NY-25 Queens Blvd.,,Van Wyck Expy S,R,Kew Gardens,Queens,NY,11415,US,US/Eastern,KLGA,2017-08-01 09:51:00,82.0,,56.0,30.05,10.0,NE,4.6,,Clear,False,False,False,False,False,False,False,False,False,False,False,False,False,Day,Day,Day,Day
C-5188353,2,2021-12-03 14:40:00,2021-12-03 16:50:23,40.234759,-79.581476,40.241531,-79.57674499999997,0.53027932146,Slow traffic on US-119 N from Burton Ave (US-119) to Fairview St (US-119) due to roadwork.,298.0,S 3rd St,L,Youngwood,Westmoreland,PA,15697-1627,US,US/Eastern,KLBE,2021-12-03 14:47:00,39.0,35.0,81.0,28.81,20.0,SW,6.0,0.0,Mostly Cloudy,False,False,False,False,False,False,False,False,False,False,False,False,False,Day,Day,Day,Day
C-5188354,2,2021-02-18 21:48:00,2021-02-18 23:10:00,33.953835999999995,-88.717322,33.949289,-88.72009,0.3519508479559999,Stationary traffic on US-45 Alt S from MS-41 (US-45 Alt) to MS-245 (US-45 Alt) due to roadwork.,,US Highway 241 Alternate,R,Okolona,Monroe,MS,38860,US,US/Central,KM40,2021-02-18 21:51:00,30.0,22.0,86.0,30.04,10.0,N,9.0,0.0,Mostly Cloudy,False,False,False,False,False,False,False,False,False,False,False,False,False,Night,Night,Night,Night
C-5188355,2,2020-09-08 17:00:30,2020-09-08 17:09:30,39.019886,-76.980632,39.015776,-77.001362,1.14849178674,Stationary traffic on I-495 from MD-650/New Hampshire Ave/Exit 28 (Capital Beltway/I-495) to MD-193/University Blvd/Exit 29 (Capital Beltway/I-495) due to roadwork.,,Capital Beltway W,R,Silver Spring,Montgomery,MD,20903,US,US/Eastern,KCGS,2020-09-08 16:55:00,83.0,83.0,48.0,30.07,10.0,ESE,3.0,0.0,Fair,False,False,False,False,True,False,False,False,False,False,False,False,False,Day,Day,Day,Day
C-5188356,2,2020-10-23 13:16:30,2020-10-24 01:41:57,33.817792,-84.571101,33.818521000000004,-84.57685699999998,0.334230976093,Queuing traffic on US-78 from Dodgen Rd (US-78) to S Gordon Rd (US-78) due to roadwork.,572.0,Veterans Memorial Hwy SW,R,Mableton,Cobb,GA,30126-3335,US,US/Eastern,KFTY,2020-10-23 12:53:00,79.0,79.0,62.0,29.24,10.0,CALM,0.0,0.0,Mostly Cloudy,False,False,False,False,False,False,False,False,False,False,False,False,False,Day,Day,Day,Day
C-5188357,2,2021-09-08 15:13:00,2021-09-08 16:20:00,28.803038,-81.888396,28.802109,-81.887703,0.0766847450205,Slow traffic on US-27 S - FL-25 - FL-44 from Lynch Ave to W Dixie Ave due to roadwork.,1408.0,South St,R,Leesburg,Lake,FL,34748-6628,US,US/Eastern,KLEE,2021-09-08 15:24:00,93.0,93.0,54.0,29.84,10.0,S,7.0,0.0,Thunder in the Vicinity,False,False,False,False,False,False,False,False,False,False,False,False,False,Day,Day,Day,Day
C-5188358,2,2021-07-09 15:57:49,2021-07-09 18:17:04,42.360501,-88.008386,42.361609,-88.000197,0.4250330073839999,Slow traffic on County Hwy-45 - US-45 N - County Hwy-A22 from Lancer Ln to W Gages Lake Rd due to roadwork.,19173.0,W Washington St,L,Grayslake,Lake,IL,60030-1166,US,US/Central,KUGN,2021-07-09 15:55:00,72.0,72.0,55.0,29.29,10.0,SE,8.0,0.0,Partly Cloudy,False,False,False,False,False,False,False,False,False,False,False,False,False,Day,Day,Day,Day
C-5188359,2,2020-08-18 16:00:00,2020-08-18 22:45:00,33.765005,-84.311088,33.77108,-84.292609,1.14136201815,Construction on GA-10 EB near CAMBRIDGE AVE Construction. Center lane closed.,1047.0,W College Ave,R,Decatur,DeKalb,GA,30030,US,US/Eastern,KPDK,2020-08-18 15:53:00,86.0,86.0,51.0,28.85,10.0,VAR,3.0,0.0,Mostly Cloudy,False,False,True,False,False,False,True,False,False,False,False,True,False,Day,Day,Day,Day
C-5188360,2,2020-09-23 13:17:30,2020-09-24 01:36:30,31.96457,-81.34093299999998,31.959761,-81.32853100000001,0.799322735574,Stationary traffic on GA-144 from Fort Stewart Rd (GA-144) to I-95/GA-405 (GA-144) due to roadwork.,4316.0,GA Highway 144 E,L,Fort Stewart,Bryan,GA,31314,US,US/Eastern,KLHW,2020-09-23 12:56:00,75.0,75.0,56.0,30.03,10.0,SW,6.0,0.0,Mostly Cloudy,False,False,False,False,False,False,False,False,False,False,False,False,False,Day,Day,Day,Day
C-5188361,2,2020-05-18 00:01:00,2020-05-22 05:00:00,43.34806,-78.19051,43.34942,-78.19065,0.0942299632016,At RT-98/Oak Orchard Rd (West) - Construction work. Lane blocked.,1392.0,Oak Orchard Rd,L,Waterport,Orleans,NY,14571-9758,US,US/Eastern,KROC,2020-05-18 00:54:00,55.0,55.0,93.0,29.54,10.0,NE,12.0,0.02,Light Rain,False,False,False,False,False,False,False,False,False,False,False,False,False,Night,Night,Night,Night
C-5188362,2,2021-09-20 06:49:00,2021-09-21 09:07:43,40.202345,-78.92817099999998,40.199667,-78.92670799999998,0.20049363635,Construction on PA-403 SB near PINE ST Allow extra time.,113.0,Border St,R,Hooversville,Somerset,PA,15936-7001,US,US/Eastern,KJST,2021-09-20 06:54:00,60.0,60.0,69.0,27.83,10.0,S,7.0,0.0,Fair,False,False,False,False,False,False,False,False,False,False,False,False,False,Night,Day,Day,Day
C-5188363,2,2020-05-11 07:00:00,2020-05-22 19:00:00,42.29069000000001,-83.73789000000002,42.2898,-83.73836999999997,0.0662065076255,At Moore St/Maiden Ln - Construction work. Single alternate lane traffic.,1073.0,Broadway St,L,Ann Arbor,Washtenaw,MI,48105-1805,US,US/Eastern,KARB,2020-05-11 06:53:00,35.0,26.0,78.0,29.13,10.0,NW,13.0,0.0,Cloudy,False,False,True,False,False,False,False,False,False,True,False,True,False,Day,Day,Day,Day
C-5188364,4,2019-06-12 03:42:18,2019-06-12 08:41:50,39.6884,-105.88272,39.664937,-105.979008,5.37094270231,Closed between Herman Gulch Rd/Exit 218 and US-6/CO-9/Exit 205 - Closed. Road marking work.,,I-70 W,R,Silver Plume,Clear Creek,CO,80476,US,US/Mountain,K0CO,2019-06-12 03:53:00,34.0,34.0,73.0,21.02,10.0,ENE,3.0,0.0,Fair,False,False,False,False,True,False,False,False,False,False,False,False,False,Night,Night,Night,Day
C-5188365,2,2019-10-07 18:02:47,2019-10-12 17:54:39,40.78797,-79.45285,40.76325,-79.41295,2.69733183109,Between Lasher Rd and Blanket Hill Rd - Roadwork. Lane blocked.,13101.0,US Route 422,L,Kittanning,Armstrong,PA,16201,US,US/Eastern,KBTP,2019-10-07 17:56:00,54.0,54.0,97.0,28.82,10.0,W,5.0,0.0,Mostly Cloudy,False,False,False,False,False,False,False,False,False,False,False,False,False,Day,Day,Day,Day
C-5188366,2,2021-06-10 11:48:06,2021-06-10 12:10:18,40.821615,-73.888029,40.827864,-73.885707,0.448508141144,Stationary traffic on NY-895 from I-278 (I-895) to Westchester Ave (I-895) due to roadwork.,,Sheridan Expy N,R,Bronx,Bronx,NY,10459,US,US/Eastern,KLGA,2021-06-10 11:51:00,77.0,77.0,46.0,30.01,10.0,NE,14.0,0.0,Mostly Cloudy,False,False,False,False,False,False,False,False,True,False,False,False,False,Day,Day,Day,Day
C-5188367,2,2020-12-08 13:54:00,2020-12-08 23:43:14,39.752484,-75.556595,39.751157,-75.556064,0.0959277556694,Stationary traffic on DE-52 from Pennsylvania Ave / N Van Buren St to Wilmington due to roadwork.,,N Van Buren St,R,Wilmington,New Castle,DE,19806,US,US/Eastern,KILG,2020-12-08 13:51:00,41.0,31.0,38.0,29.74,10.0,NW,23.0,0.0,Fair / Windy,False,False,False,False,False,False,False,False,False,False,False,True,False,Day,Day,Day,Day
C-5188368,2,2020-07-24 16:00:00,2021-02-26 17:45:00,45.363516,-122.607355,45.381204,-122.580177,1.79827080317,Road work has the left lanes closed NB from the Abernethy Bridge to the Gladstone interchange. Use caution and watch for workers on the roadway.,,E Portland Fwy N,R,West Linn,Clackamas,OR,97068,US,US/Pacific,KUAO,2020-07-24 15:53:00,69.0,69.0,51.0,29.9,10.0,VAR,5.0,0.0,Cloudy,False,False,False,False,False,False,False,False,False,False,False,False,False,Day,Day,Day,Day
C-5188369,2,2021-02-13 08:48:30,2021-02-13 16:18:47,27.820964,-82.727386,27.82149,-82.72842,0.0728909712822,Stationary traffic on FL-693 from 65th St N to 55th Ave N due to roadwork.,6539.0,54th Ave N,R,Saint Petersburg,Pinellas,FL,33709-1603,US,US/Eastern,KPIE,2021-02-13 08:53:00,67.0,67.0,93.0,29.93,9.0,SSW,14.0,0.11,Light Rain,False,False,True,False,False,False,False,False,True,False,False,False,False,Day,Day,Day,Day
C-5188370,2,2021-12-18 17:11:05,2021-12-18 19:34:59,25.94174,-80.205074,25.942583,-80.206066,0.0848018170658999,Slow traffic on FL-7 - US-441 N - FL-860 from US-441 to NW 2nd Ct due to roadwork.,,NW 2nd Ave,R,Miami,Miami-Dade,FL,33169,US,US/Eastern,KHWO,2021-12-18 16:53:00,78.0,78.0,84.0,30.05,10.0,ESE,7.0,0.0,Fair,False,False,False,False,False,False,False,False,True,False,False,False,False,Day,Day,Day,Day
C-5188371,2,2021-01-29 20:30:42,2021-01-30 01:51:48,30.548251,-89.676476,30.546754,-89.668898,0.462630621558,Slow traffic on MS-43 - US-11 N from Clarence Davis Rd / Richardson Rd to Poplar St due to roadwork.,2173.0,Highway 43 N,L,Picayune,Pearl River,MS,39466,US,US/Central,KASD,2021-01-29 20:53:00,42.0,42.0,89.0,30.22,10.0,CALM,0.0,0.0,Fair,False,False,False,False,False,False,False,False,False,False,False,False,False,Night,Night,Night,Night
C-5188372,2,2021-10-14 15:33:30,2021-10-14 17:39:48,39.763706,-86.334581,39.763001,-86.336865,0.130721527401,Stationary traffic on US-36 E - US-36 W from Washington to Conrail Railroad due to roadwork.,10659.0,E US Highway 36,R,Avon,Hendricks,IN,46123-7983,US,US/Eastern,KIND,2021-10-14 15:54:00,79.0,79.0,66.0,29.04,10.0,SW,13.0,0.0,Mostly Cloudy,False,False,False,False,False,False,False,False,False,False,False,False,False,Day,Day,Day,Day
C-5188373,2,2020-08-31 06:56:00,2020-08-31 07:39:30,32.706781,-96.623264,32.700651,-96.623404,0.423620868795,Slow traffic from exit [1C] to Kleberg Rd due to roadwork.,,I-635 S,R,Balch Springs,Dallas,TX,75180,US,US/Central,KHQZ,2020-08-31 06:50:00,79.0,79.0,89.0,29.3,10.0,SE,6.0,0.0,Fair,False,False,False,False,True,False,False,False,False,False,False,False,False,Night,Day,Day,Day
C-5188374,2,2021-07-07 22:18:54,2021-07-08 05:48:49,42.853576,-78.791048,42.849906,-78.791439,0.254345136679,Road work on RAMP I-90W TO ROUTE 400S.,,I-90 W,R,Buffalo,Erie,NY,14224,US,US/Eastern,KBUF,2021-07-07 21:54:00,66.0,66.0,84.0,29.2,10.0,ENE,12.0,0.0,Light Rain,False,False,False,False,False,False,False,False,False,False,False,False,False,Night,Night,Night,Day
C-5188375,2,2020-11-07 14:52:00,2020-11-08 03:09:39,40.04102,-76.363973,40.039488,-76.36324599999998,0.112620404915,Slow traffic on PA-741 - PA-462 from Embassy Dr to Good Dr due to roadwork.,17.0,Rohrerstown Rd,R,Lancaster,Lancaster,PA,17603-2228,US,US/Eastern,KLNS,2020-11-07 14:53:00,73.0,73.0,34.0,29.83,10.0,W,7.0,0.0,Fair,False,False,False,False,False,False,False,False,False,False,False,False,False,Day,Day,Day,Day
C-5188376,3,2020-02-13 20:01:41,2020-02-17 20:01:07,47.79971,-122.31482,47.79183,-122.31661,0.55075886702,Between 220th St/Exit 179 and 236th St/Exit 177 - Construction work.,,220th St SW,R,Mountlake Terrace,Snohomish,WA,98043,US,US/Pacific,KPAE,2020-02-13 19:53:00,41.0,36.0,86.0,29.28,10.0,SSE,7.0,0.01,Cloudy,False,False,False,False,False,False,False,False,False,False,False,False,False,Night,Night,Night,Night
C-5188377,2,2019-04-02 22:02:16,2019-04-06 22:01:39,28.52013,-81.38875999999998,28.52018,-81.38469,0.247109284739,Between Parramore Ave and Division Ave - Construction work.,,S Parramore Ave,R,Orlando,Orange,FL,32805,US,US/Eastern,KORL,2019-04-02 21:53:00,61.0,61.0,81.0,30.03,10.0,NE,13.0,0.0,Fair,False,False,True,False,False,False,False,False,False,False,False,True,False,Night,Night,Night,Night
C-5188378,2,2020-05-11 14:00:00,2020-11-21 02:15:00,42.716216,-114.538436,42.636735,-114.43131499999998,7.730906223530001,All traffic will be switched to the eastbound lanes utilizing construction crossovers.Contractor: Western Construction 208-345-1440Traffic Control: Aspen: 208-250-7150ITD contact: Brock Dille 208-886-7800,,I-84 E,R,Jerome,Jerome,ID,83338,US,US/Mountain,KJER,2020-05-11 13:53:00,78.0,78.0,20.0,25.69,10.0,W,12.0,0.0,Fair,False,False,False,False,False,False,False,False,False,False,False,False,False,Day,Day,Day,Day
C-5188379,2,2020-10-23 12:39:30,2020-10-24 00:43:48,39.726809,-86.33859100000002,39.727426,-86.335396,0.175051177153,Queuing traffic on US-40 from IN-267/Quaker Blvd (E Main St/US-40) to S Raceway Rd (W Washington St/US-40) due to roadwork.,3054.0,E Main St,R,Indianapolis,Hendricks,IN,46231,US,US/Eastern,KIND,2020-10-23 12:54:00,73.0,73.0,76.0,29.12,10.0,SSW,17.0,0.0,Mostly Cloudy,False,False,False,False,False,False,False,False,False,False,False,False,False,Day,Day,Day,Day
C-5188380,2,2021-12-22 16:22:00,2021-12-22 16:50:30,33.249007,-111.570399,33.248940999999995,-111.563391,0.404965776487,Stationary traffic from S Signal Butte Rd (Ocotillo Rd) to N Gantzel Rd (Ocotillo Rd) due to roadwork.,385.0,W Ocotillo Rd,R,San Tan Valley,Pinal,AZ,85140-9861,US,US/Mountain,KIWA,2021-12-22 16:47:00,70.0,70.0,25.0,28.54,10.0,NW,5.0,0.0,Partly Cloudy,False,False,True,False,False,False,False,False,False,False,False,True,False,Day,Day,Day,Day
C-5188381,3,2021-12-16 23:00:00,2021-12-17 06:00:00,39.522011,-119.783958,,,0.0799999982119,Exit ramp from I-580 Eastbound to Mill St Eastbound intermittent ramp closures due to construction during the night.,,Martin Luther King Jr Memorial Fwy,R,Reno,Washoe,NV,89502,US,US/Pacific,KRNO,2021-12-16 22:55:00,27.0,27.0,78.0,25.67,10.0,S,3.0,0.0,Fair,False,False,False,False,False,False,False,False,False,False,False,False,False,Night,Night,Night,Night
C-5188382,2,2018-06-20 00:00:00,2018-06-24 23:59:00,38.89872,-76.9795,38.88227,-76.98074,1.1385413509,Between Benning Rd and Potomac Ave SE - Construction work.,712.0,17th St NE,L,Washington,District of Columbia,DC,20002-7202,US,US/Eastern,KDCA,2018-06-20 00:52:00,77.0,,71.0,29.88,10.0,NNW,6.9,,Scattered Clouds,False,False,False,False,False,True,False,False,False,False,False,True,False,Night,Night,Night,Night
C-5188383,2,2020-10-06 03:19:00,2020-10-06 12:45:00,39.177514,-78.145505,39.165774,-78.154785,0.951350903119,On I-81 in the County of Frederick at mile marker 314 motorists can expect potential delays in this area from 10/05/20 at 8:19 PM until 10/06/20 at 5:00 AM due to bridge work. The south left shoulder and left lane are closed.,,I-81 S,R,Winchester,Frederick,VA,22601,US,US/Eastern,KOKV,2020-10-06 03:15:00,43.0,43.0,93.0,29.38,10.0,SSW,3.0,0.0,Fair,False,False,False,False,True,False,False,False,False,False,False,False,False,Night,Night,Night,Night
C-5188384,2,2020-09-26 20:25:35,2020-09-27 00:08:30,42.782622,-105.37287,42.79239000000001,-105.359142,0.969558060227,Stationary traffic on WY-59 from N 4th St (WY-59) to CR-43/Walker Creek Rd (WY-59) due to bridge maintenance work.,170.0,State Highway 59,R,Douglas,Converse,WY,82633-2259,US,US/Mountain,KDGW,2020-09-26 20:53:00,54.0,54.0,64.0,25.0,10.0,E,3.0,0.0,Cloudy,False,False,False,False,False,False,False,False,False,False,False,False,False,Night,Night,Night,Night
C-5188385,2,2021-05-25 15:46:00,2021-05-25 18:52:30,41.009948,-77.873181,41.0224,-77.90231899999998,1.74576396713,Slow traffic on I-80 W from US-220/PA-150/Exit 158 (I-80) to Beechcreek Rd/Exit 147 (I-80) due to roadwork.,,I-80 W,R,Bellefonte,Centre,PA,16823,US,US/Eastern,KUNV,2021-05-25 15:53:00,72.0,72.0,73.0,28.79,10.0,SSW,10.0,0.0,Partly Cloudy,False,False,False,False,False,False,False,False,False,False,False,False,False,Day,Day,Day,Day
C-5188386,2,2017-08-11 07:01:30,2017-08-11 13:01:30,42.091424,-75.945564,42.09011,-75.91481,1.57946473882,At Pennsylvania Ave - Construction work.,,Vestal Pkwy E,R,Binghamton,Broome,NY,13903,US,US/Eastern,KBGM,2017-08-11 06:53:00,61.0,,90.0,30.15,6.0,SW,8.1,0.0,Light Rain,False,False,False,False,False,False,False,False,False,False,False,False,False,Day,Day,Day,Day
C-5188387,2,2021-04-30 06:17:30,2021-12-08 18:07:39,32.876819,-97.342456,32.87077,-97.341641,0.4206134262820001,Slow traffic on FM-156 from Blue Mound Rd / Grand Central Pkwy to Cloudcroft Ln due to roadwork.,1097.0,N Blue Mound Rd,L,Fort Worth,Tarrant,TX,76131-4809,US,US/Central,KFWD,2021-12-08 17:53:00,52.0,52.0,83.0,29.18,8.0,E,6.0,0.0,Fair,False,False,False,False,False,False,False,False,False,False,False,False,False,Night,Day,Day,Day
C-5188388,2,2021-06-03 03:28:30,2021-06-03 04:32:00,32.802121,-96.626407,32.822732,-96.62903,1.4322069803200002,Stationary traffic on I-635 N - LBJ Fwy N from Town East Blvd exit [7] to exit [8B] due to roadwork.,,I-635 N,R,Mesquite,Dallas,TX,75150,US,US/Central,KHQZ,2021-06-03 03:35:00,64.0,64.0,97.0,29.5,10.0,CALM,0.0,0.0,Fair,False,False,False,False,False,False,False,False,False,False,False,False,False,Night,Night,Night,Night
C-5188389,2,2021-10-26 03:44:22,2021-11-26 02:00:45,35.00416,-98.35672,34.927633,-98.35674,5.28751223911,Roadwork on OK-9 (US-62/US-281) from OK-19 (Apache) (North) (US-62/S Myers Rd/US-281) to US-281 S - US-62 W - US-281 N - US-62 E.,46251.0,US Highway 281,L,Apache,Caddo,OK,73006,US,US/Central,KFSI,2021-10-26 03:56:00,65.0,65.0,71.0,28.59,10.0,SE,10.0,0.0,Fair,False,False,False,False,False,False,False,False,False,True,False,False,False,Night,Night,Night,Night
C-5188390,2,2019-09-19 20:03:23,2019-10-03 00:02:08,30.390889,-91.03427,30.36175900000001,-90.99939,2.89374537254,Between Tiger Bend Rd and Highland Club Ave - Construction work.,13456.0,Jefferson Hwy,R,Baton Rouge,East Baton Rouge,LA,70817-4517,US,US/Central,KBTR,2019-09-20 00:53:00,74.0,74.0,91.0,29.96,10.0,E,5.0,0.0,Partly Cloudy,False,False,False,False,False,False,False,False,False,False,False,False,False,Night,Night,Night,Day
C-5188391,3,2019-05-08 04:30:40,2019-05-08 05:00:00,33.058399,-84.946281,,,63.61999893189999,Left lane closed due to construction work on I-185 Northbound from Exit 8 Airport Thruway to I-85.,,GA-403 N,R,LaGrange,Troup,GA,30241,US,US/Eastern,KLGC,2019-05-08 04:35:00,61.0,61.0,98.0,29.3,10.0,CALM,0.0,,Fair,False,False,False,False,False,False,False,False,False,False,False,False,False,Night,Night,Night,Night
C-5188392,2,2020-09-15 20:06:00,2020-09-15 20:54:30,33.344644,-96.705105,33.345323,-96.697631,0.433935226453,Stationary traffic on W FM-455 from CR-94 (W FM-455) to N FM-543/Main St (W FM-455) due to roadwork.,8136.0,W FM 455,L,Celina,Collin,TX,75009,US,US/Central,KTKI,2020-09-15 19:53:00,79.0,79.0,72.0,29.39,10.0,NNE,6.0,0.0,Fair,False,False,False,False,False,False,False,False,False,False,False,False,False,Night,Night,Day,Day
C-5188393,2,2020-05-09 05:56:12,2020-05-11 05:56:12,35.52418,-97.53374,35.53253,-97.49743,2.12166379511,Between OK-3-ALT/Northwest Expy/Exit 125 and Kelley Ave/Exit 128 - Roadwork. Roadway reduced to 2 lanes.,,Historic Route 66 E,R,Oklahoma City,Oklahoma,OK,73118,US,US/Central,KPWA,2020-05-09 05:53:00,48.0,45.0,61.0,28.86,10.0,ESE,7.0,0.0,Fair,False,False,False,False,True,False,False,False,False,False,False,False,False,Night,Night,Day,Day
C-5188394,4,2021-05-22 10:59:00,2021-11-17 18:51:08,37.937335,-88.458333,37.936565,-88.457871,0.0588580326910999,IL-142 is closed from CR-14/500 N Rd (IL-142) to CR-11/200 N Rd/Main St (IL-142) due to roadwork.,1998.0,State Route 142,R,Broughton,Hamilton,IL,62817,US,US/Central,KHSB,2021-05-22 10:55:00,82.0,82.0,39.0,29.97,10.0,S,3.0,0.0,Fair,False,False,False,False,False,False,False,False,False,False,False,False,False,Day,Day,Day,Day
C-5188395,2,2020-09-24 18:55:30,2020-09-25 09:16:00,39.841607,-75.402463,39.835267,-75.421633,1.10736497763,Slow traffic on I-95 from US-322/Exit 4 (I-95) to PA-452/Market St/Exit 2 (I-95) due to roadwork.,,I-95 S,R,Chester,Delaware,PA,19013,US,US/Eastern,KPHL,2020-09-24 18:54:00,69.0,69.0,75.0,30.0,10.0,SSW,5.0,0.0,Cloudy,False,False,False,False,True,False,False,False,False,False,False,False,False,Night,Day,Day,Day
C-5188396,1,2020-06-17 07:14:57,2020-06-17 16:59:59,32.25385,-110.823,32.25802,-110.80221,1.24846890245,At E Catalina Hwy - Water main work.,,E Tanque Verde Rd,R,Tucson,Pima,AZ,85715,US,US/Mountain,KDMA,2020-06-17 06:58:00,69.0,69.0,17.0,27.14,10.0,S,9.0,0.0,Fair,False,False,True,False,False,False,False,False,False,False,False,True,False,Day,Day,Day,Day
C-5188397,2,2021-09-10 18:12:00,2021-09-10 20:14:57,38.765496,-82.003731,38.77001,-82.034542,1.6888823813499998,Roadwork on CR-29/Little 16 Mile Creek Rd/Southside Ln (US-35) from Old US-35/Lock Eleven Rd (US-35) to WV-817 - US-35 N.,,Kanawha Valley Rd,R,Southside,Mason,WV,25187,US,US/Eastern,K3I2,2021-09-10 18:15:00,74.0,74.0,49.0,29.29,10.0,SW,3.0,0.0,Partly Cloudy,False,False,False,False,False,False,False,False,False,False,False,False,False,Day,Day,Day,Day
C-5188398,2,2021-03-05 14:07:40,2021-03-05 15:11:35,28.465840000000004,-99.010817,28.465865,-99.002601,0.499043794531,Stationary traffic on TX-97 from FM-624 (TX-97) to FM-469 (TX-97) due to roadwork.,,TX-97,R,Cotulla,La Salle,TX,78014,US,US/Central,KCOT,2021-03-05 13:53:00,84.0,84.0,14.0,29.45,10.0,NNW,18.0,0.0,Fair,False,False,False,False,False,False,False,False,False,False,False,False,False,Day,Day,Day,Day
C-5188399,4,2020-09-08 07:00:00,2020-09-20 07:30:00,39.756978,-86.144903,39.757508,-86.14367299999998,0.0748959285507,Construction on CALVARY ST near VIRGINIA AVE Road closed. Take alternate route.,,Virginia Ave,R,Indianapolis,Marion,IN,46203,US,US/Eastern,KIND,2020-09-08 06:54:00,68.0,68.0,87.0,29.13,10.0,ESE,3.0,0.0,Partly Cloudy,False,False,True,False,False,False,False,False,False,False,False,True,False,Night,Day,Day,Day
C-5188400,2,2021-12-23 14:46:45,2021-12-23 17:25:26,35.324883,-94.341415,35.323987,-94.342204,0.0762290099865,Stationary traffic on AR-255 from Union Pacific Railroad to Ben Geren Park and Golf Course due to roadwork.,5674.0,Massard Rd,R,Fort Smith,Sebastian,AR,72903-6636,US,US/Central,KFSM,2021-12-23 14:53:00,65.0,65.0,56.0,29.38,10.0,SSW,8.0,0.0,Fair,False,False,False,False,False,False,False,False,False,False,False,False,False,Day,Day,Day,Day
C-5188401,2,2019-04-12 12:00:00,2019-04-12 13:00:00,42.541988,-71.28344,,,0.0,Intermittent lane closures due to construction work on US-3 Southbound at Exit 27 Concord Rd.,,US-3 S,R,Billerica,Middlesex,MA,01821,US,US/Eastern,KBED,2019-04-12 11:56:00,49.0,45.0,54.0,30.16,10.0,SSE,8.0,0.0,Cloudy,False,False,False,False,True,False,False,False,False,False,False,False,False,Day,Day,Day,Day
C-5188402,2,2020-11-24 14:01:30,2020-11-25 01:53:54,26.165441,-80.172327,26.166257,-80.170877,0.106132385008,Stationary traffic on FL-816 from NW 23rd Ter to NW 32nd St due to roadwork.,2204.0,W Oakland Park Blvd,L,Oakland Park,Broward,FL,33311-1526,US,US/Eastern,KFXE,2020-11-24 13:53:00,79.0,79.0,58.0,30.09,10.0,NE,14.0,0.0,Partly Cloudy,False,False,False,False,False,False,False,False,False,False,False,False,False,Day,Day,Day,Day
C-5188403,2,2020-12-23 17:00:00,2020-12-24 17:48:40,40.516752,-80.133365,40.531492,-80.126695,1.07700074965,Roadwork on I-79 northbound at Exit: PA 65 - EMSWORTH/SEWICKLEY. There is a lane restriction.,,I-79 N,R,Sewickley,Allegheny,PA,15143,US,US/Eastern,KPIT,2020-12-23 16:51:00,49.0,47.0,36.0,28.72,10.0,SSE,6.0,0.0,Cloudy,False,False,False,False,True,False,False,False,False,False,False,False,False,Night,Day,Day,Day
C-5188404,2,2020-10-31 14:36:30,2020-10-31 23:32:47,42.011811,-87.713901,42.012556,-87.71146999999998,0.134998089144,Stationary traffic from N Kimball Ave to Howard St due to roadwork.,3386.0,W Touhy Ave,R,Skokie,Cook,IL,60076-7200,US,US/Central,KORD,2020-10-31 14:51:00,58.0,58.0,42.0,29.29,10.0,S,16.0,0.0,Fair,False,False,False,False,False,False,False,False,True,False,False,True,False,Day,Day,Day,Day
C-5188405,2,2021-08-27 07:32:00,2021-08-27 18:34:00,42.56671,-106.990603,42.5629,-106.915933,3.80892824178,Slow traffic on WY-220 from US-287/WY-789 (WY-220) to CR-407/Kortes Rd (WY-220) due to roadwork.,35914.0,State Highway 220,R,Alcova,Natrona,WY,82620-8800,US,US/Mountain,KPAT,2021-08-27 07:53:00,53.0,53.0,83.0,24.65,10.0,WNW,3.0,0.0,Fair,False,False,False,False,False,False,False,False,False,False,False,False,False,Day,Day,Day,Day
C-5188406,2,2021-09-30 11:56:42,2021-10-10 16:56:53,42.039819,-87.747057,42.040786,-87.748048,0.0839640034396,Slow traffic on IL-58 - US-41 N from Niles to Niles Center Rd due to roadwork.,8721.0,Skokie Blvd,R,Skokie,Cook,IL,60077-2219,US,US/Central,KORD,2021-10-10 14:51:00,76.0,76.0,67.0,29.03,10.0,SW,7.0,0.0,Mostly Cloudy,False,False,False,False,False,False,False,False,True,False,False,True,False,Day,Day,Day,Day
C-5188407,2,2021-02-17 05:01:00,2021-02-17 18:28:35,25.889347,-80.186409,25.890307,-80.185905,0.0733558119766999,Slow traffic on FL-915 - FL-922 from NE 123rd St to NE 6th Ct due to roadwork.,12401.0,NE 6th Ave,R,North Miami,Miami-Dade,FL,33161-5515,US,US/Eastern,KOPF,2021-02-17 04:53:00,73.0,73.0,90.0,30.03,10.0,SE,5.0,0.0,Cloudy,False,False,False,False,False,False,False,False,False,False,False,False,False,Night,Night,Night,Night
C-5188408,2,2021-07-30 15:05:00,2021-08-03 15:45:00,45.789333,-93.295987,45.784623,-93.149119,7.083692633239999,Construction on MN-70 EB near MN-65 Allow extra time.,2058.0,Highway 70,R,Mora,Kanabec,MN,55051-7707,US,US/Central,KJMR,2021-07-30 14:55:00,75.0,75.0,38.0,29.04,5.0,SW,6.0,0.0,Fair,False,False,False,False,False,False,False,False,False,False,False,False,False,Day,Day,Day,Day
C-5188409,2,2021-12-11 12:26:14,2021-12-11 22:24:30,29.560176,-95.02515,29.563841,-95.026295,0.262410716723,Stationary traffic on TX-146 - TX-1 from Meyer Rd to 3rd St due to roadwork.,919.0,Bayport Blvd,L,Seabrook,Harris,TX,77586-3481,US,US/Central,KEFD,2021-12-11 12:50:00,57.0,57.0,41.0,30.09,10.0,NNW,18.0,,Cloudy,False,False,False,False,False,False,False,False,False,True,False,False,False,Day,Day,Day,Day
C-5188410,2,2021-10-07 22:01:00,2021-10-08 05:44:00,34.159473,-118.46806200000002,34.159387,-118.463084,0.2846707588809999,Construction on US-101 SB near I-405 Expect delays.,,US-101 S,R,Sherman Oaks,Los Angeles,CA,91403,US,US/Pacific,KVNY,2021-10-07 21:51:00,65.0,65.0,73.0,29.16,10.0,S,8.0,0.0,Cloudy,False,False,False,False,False,False,False,False,False,False,False,False,False,Night,Night,Night,Night
C-5188411,3,2019-06-19 21:00:00,2019-06-20 05:00:00,47.61544,-122.188919,,,0.479999989271,Entry ramp to I-405 Southbound from Ne 6th St Eastbound closed due to major construction.,,I-405 S,R,Bellevue,King,WA,98004,US,US/Pacific,KBFI,2019-06-19 20:53:00,56.0,56.0,72.0,30.1,10.0,ENE,8.0,0.0,Cloudy,False,False,False,False,False,False,False,False,False,False,False,True,False,Day,Day,Day,Night
C-5188412,2,2021-11-16 14:28:30,2021-11-16 16:40:09,41.90850800000001,-87.831986,41.90841500000001,-87.837817,0.299900119954,Slow traffic on IL-64 from Park Ave (IL-64) to 25th Ave (IL-64) due to roadwork.,8372.0,W North Ave,L,River Grove,Cook,IL,60171,US,US/Central,KORD,2021-11-16 14:51:00,47.0,42.0,68.0,29.18,9.0,SE,10.0,0.0,Mostly Cloudy,False,False,False,False,False,False,False,False,False,False,False,True,False,Day,Day,Day,Day
C-5188413,2,2021-06-30 19:01:00,2021-07-01 05:46:00,34.064296,-117.810084,34.064028,-117.811998,0.111106918032,Lane closure due to Paving Operation between Orange Freeway Route 57 and Holt Ave,,I-10 W,R,San Dimas,Los Angeles,CA,91773,US,US/Pacific,KPOC,2021-06-30 18:47:00,81.0,81.0,51.0,28.82,10.0,W,12.0,,Fair,False,False,False,False,False,False,False,False,False,False,False,False,False,Day,Day,Day,Day
C-5188414,2,2021-02-25 09:21:00,2021-02-25 16:45:00,38.665319,-77.273701,38.672149,-77.246011,1.56653901463,On I-95R in the County of Prince William from mile marker 161 to mile marker 160.5 motorists can expect potential delays in this area from 02/25/21 at 9:21 AM until 02/25/21 at 4:00 PM due to maintenance activities. One reversible lane is closed.,,I-95 N,R,Woodbridge,Prince William,VA,22192,US,US/Eastern,KDAA,2021-02-25 08:56:00,47.0,42.0,40.0,30.1,10.0,NNW,12.0,0.0,Fair,False,False,False,False,False,False,False,False,False,False,False,False,False,Day,Day,Day,Day
C-5188415,2,2018-09-19 23:30:00,2018-09-20 05:00:00,42.361767,-71.055298,,,1.85000002384,Left lane closed due to maintenance work on MA-1A Sumner Tunnel Westbound from entry to exit portal.,,US-1 S,R,Boston,Suffolk,MA,02109,US,US/Eastern,KBOS,2018-09-19 23:41:00,62.1,,78.0,30.1,10.0,NNE,12.7,,Mostly Cloudy,False,False,True,False,False,False,False,False,False,False,False,True,False,Night,Night,Night,Night
C-5188416,2,2021-10-19 15:15:00,2021-10-19 19:03:49,33.449849,-112.221158,33.451746,-112.220368,0.138757061839,Stationary traffic from S 75th Ave / W Madison St to N 73rd Ave due to roadwork.,182.0,N 75th Ave,L,Tolleson,Maricopa,AZ,85353,US,US/Mountain,KGEU,2021-10-19 14:58:00,77.0,77.0,28.0,28.78,10.0,SW,6.0,0.0,Fair,False,False,False,False,False,False,False,False,True,False,False,False,False,Day,Day,Day,Day
C-5188417,2,2021-11-03 07:51:26,2021-11-03 10:04:17,32.845357,-96.628548,32.846624,-96.631482,0.191492846232,Slow traffic from Oates Dr to I-635 N due to roadwork.,6400.0,Northwest Dr,L,Mesquite,Dallas,TX,75150-1333,US,US/Central,KHQZ,2021-11-03 07:50:00,46.0,44.0,100.0,29.76,3.0,NE,6.0,0.0,T-Storm,False,False,False,False,False,False,False,False,False,False,False,False,False,Day,Day,Day,Day
C-5188418,2,2021-04-21 04:58:30,2021-04-21 09:21:00,25.732149,-80.373719,25.732254,-80.367774,0.370097680233,Slow traffic on FL-976 from FL-821/117th Ave/Florida's Tpke (Bird Dr/SW 40th St/FL-976) to FL-985/SW 107th Ave (SW 40th St/Bird Rd/FL-976) due to roadwork.,,SW 110th Ave,R,Miami,Miami-Dade,FL,33165,US,US/Eastern,KMIA,2021-04-21 05:01:00,78.0,78.0,87.0,29.95,5.0,S,5.0,0.0,Thunder,False,False,False,False,False,False,False,False,True,False,False,True,False,Night,Night,Night,Night
C-5188419,2,2021-04-21 10:44:30,2021-04-21 20:18:28,42.155697,-87.954499,42.154373,-87.956046,0.1210263043329999,Slow traffic on County Hwy-W17 - County Hwy-73 from Armstrong Dr to McHenry Rd due to roadwork.,151.0,N Weiland Rd,R,Buffalo Grove,Lake,IL,60089-7004,US,US/Central,KPWK,2021-04-21 10:52:00,46.0,40.0,34.0,29.4,10.0,NW,15.0,0.0,Cloudy,False,False,False,False,False,False,False,False,False,False,False,False,False,Day,Day,Day,Day
C-5188420,2,2021-07-06 12:10:00,2021-09-20 18:49:23,37.281048,-99.260634,37.281236,-99.221657,2.14282958297,Slow traffic on US-160 W - US-160 E from US-183 (US-160) to Wilmore County Rd (US-160) due to roadwork.,1670.0,Highway 160,R,Coldwater,Comanche,KS,67029-5634,US,US/Central,KP28,2021-07-06 11:56:00,83.0,83.0,58.0,28.42,,SSW,8.0,0.0,,False,False,False,False,False,False,False,False,False,False,False,False,False,Day,Day,Day,Day
C-5188421,2,2018-05-14 08:00:00,2018-05-19 17:01:00,39.725597,-104.81942,,,0.170000001788,Lane closed due to maintenance work on CO-30 6th Ave Eastbound from Billings St to Sable Blvd.,14498.0,E 6th Ave,R,Aurora,Arapahoe,CO,80011-8708,US,US/Mountain,KBKF,2018-05-14 07:58:00,52.2,,99.0,30.01,7.0,SE,5.8,,Mostly Cloudy,False,False,True,False,False,False,False,False,False,False,False,True,False,Day,Day,Day,Day
C-5188422,3,2019-09-08 06:01:23,2019-09-12 06:01:19,37.90158,-87.10954,37.931646,-87.322909,11.8144271798,Between IN-45/N 5th St and IN-61/CR-400 W/Main Entrance Rd - Roadwork. Roadway reduced to 1 lane.,998.0,N State Road 161,L,Rockport,Spencer,IN,47635-9262,US,US/Central,KOWB,2019-09-08 05:56:00,59.0,59.0,96.0,29.62,10.0,CALM,0.0,0.0,Fair,False,False,False,False,False,False,False,False,False,False,False,False,False,Night,Day,Day,Day
C-5188423,4,2021-02-28 07:00:00,2021-02-28 19:00:00,33.003032,-82.799175,33.002633,-82.798152,0.0653745374656999,GA-88 - GA-540 is closed from Linton Rd (Fall Line Fwy/GA-88) to GA-15/Warthen Rd/Sparta Rd (Fall Line Fwy/GA-88) due to roadwork.,,Fall Line Fwy,R,Sandersville,Washington,GA,31082,US,US/Eastern,KOKZ,2021-02-28 06:55:00,59.0,59.0,97.0,29.69,10.0,CALM,0.0,0.0,Partly Cloudy,False,False,False,False,False,False,False,False,False,False,False,True,False,Day,Day,Day,Day
C-5188424,2,2020-10-02 14:01:00,2020-10-03 01:46:00,37.325695,-122.274259,37.342175,-122.271779,1.14678160963,Construction on CA-84 NB near LA HONDA PO Expect long delays.,9280.0,La Honda Rd,R,Redwood City,San Mateo,CA,94062,US,US/Pacific,KSQL,2020-10-02 13:47:00,82.0,82.0,51.0,29.95,3.0,N,6.0,0.0,Smoke,False,False,False,False,False,False,False,False,False,False,False,False,False,Day,Day,Day,Day
C-5188425,2,2021-09-28 07:55:00,2021-09-28 08:24:00,42.482339,-83.084739,42.476349,-83.084509,0.414035502474,Stationary traffic from I-696 (Dequindre Rd) to E 10 Mile Rd (Dequindre Rd) due to roadwork.,25798.0,Dequindre Rd,R,Warren,Macomb,MI,48091-3737,US,US/Eastern,KDET,2021-09-28 07:53:00,58.0,58.0,84.0,29.31,10.0,N,7.0,0.0,Fair,False,False,True,False,False,False,False,False,False,False,False,True,False,Day,Day,Day,Day
C-5188426,4,2019-12-04 03:59:18,2019-12-04 08:58:44,29.60217,-98.3598,29.60098,-98.41676,3.4228846765400003,Closed between Nacogdoches Rd and Bulverde Rd - Closed due to roadwork.,,TX-1604,R,San Antonio,Bexar,TX,78247,US,US/Central,KSAT,2019-12-04 03:51:00,53.0,53.0,52.0,29.17,10.0,NNW,8.0,0.0,Fair,False,False,False,False,True,False,False,False,False,False,False,False,False,Night,Night,Night,Night
C-5188428,2,2020-06-15 22:09:53,2020-06-16 14:54:10,41.6087,-83.69113,41.67422,-83.69375,4.52902176629,Between Salisbury Rd/Exit 6 and US-20/OH-120/Central/Exit 13 - Roadwork. Left lane closed.,,I-475 N,R,Holland,Lucas,OH,43528,US,US/Eastern,KTOL,2020-06-15 21:52:00,64.0,64.0,70.0,29.7,10.0,E,6.0,0.0,Fair,False,False,False,False,False,False,False,False,False,False,False,False,False,Night,Night,Day,Day
C-5188429,2,2021-06-18 09:38:53,2021-09-17 05:19:00,47.379445,-122.624204,47.385292,-122.626087,0.413482369217,Stationary traffic on WA-302 from WA-16 (Gig Harbor) (Purdy Dr/WA-302) to WA-302 NW (Purdy Dr/WA-302) due to roadwork.,13304.0,Purdy Dr NW,L,Gig Harbor,Pierce,WA,98332-8636,US,US/Pacific,KTIW,2021-06-18 09:53:00,61.0,,58.0,29.81,10.0,,,0.0,Fair,False,False,False,False,False,False,False,False,False,False,False,False,False,Day,Day,Day,Day
C-5188430,2,2020-11-18 12:37:00,2020-11-18 22:49:41,41.828905,-87.680109,41.830348,-87.677745,0.157331299272,Stationary traffic from Western Ave (S Archer Ave) to 35th St (S Archer Ave) due to roadwork.,3581.0,S Archer Ave,L,Chicago,Cook,IL,60609-1135,US,US/Central,KMDW,2020-11-18 12:53:00,49.0,42.0,29.0,29.68,10.0,S,23.0,0.0,Mostly Cloudy / Windy,False,False,False,False,False,False,False,False,True,False,False,True,False,Day,Day,Day,Day
C-5188431,2,2021-05-04 05:49:30,2021-05-04 19:27:57,29.000844,-81.302738,28.998924,-81.301115,0.16497863448,Slow traffic on FL-15A - US-92 W - US-17 S from W Chipola Ave to Plumosus Park Dr due to roadwork.,1566.0,S Woodland Blvd,L,Deland,Volusia,FL,32720-7709,US,US/Eastern,KDED,2021-05-04 05:55:00,71.0,71.0,93.0,29.93,10.0,CALM,0.0,0.0,Fair,False,False,False,False,False,False,False,False,False,False,False,False,False,Night,Night,Day,Day
C-5188432,2,2020-06-01 20:01:00,2020-06-02 04:59:00,34.38843,-119.4979,34.408970000000004,-119.55028,3.30629879473,Between Bailard Avenue and Santa Claus Lane NB Off-Ramp - Roadwork. Lane closed.,,Bailard Ave,R,Carpinteria,Santa Barbara,CA,93013,US,US/Pacific,KSBA,2020-06-01 19:53:00,70.0,70.0,61.0,29.84,8.0,SSE,7.0,0.0,Mostly Cloudy,False,False,False,False,False,False,False,False,False,False,False,False,False,Day,Day,Day,Day
C-5188433,2,2021-09-17 13:56:30,2021-09-17 14:22:03,43.379055,-96.796449,43.333025,-96.796609,3.18038025955,Slow traffic on I-29 S from CR-116/Exit 68 (I-29) to SD-44/Exit 64 (I-29) due to roadwork.,,I-29 S,R,Lennox,Lincoln,SD,57039,US,US/Central,KFSD,2021-09-17 13:56:00,72.0,72.0,31.0,28.68,10.0,N,9.0,0.0,Fair,False,False,False,False,True,False,False,False,False,False,False,False,False,Day,Day,Day,Day
C-5188434,2,2020-08-28 16:46:30,2020-08-28 18:57:04,41.56064600000001,-77.116845,41.557776,-77.11888499999998,0.224601618092,Roadwork from Route 414 to US-15 S.,8498.0,Route 414,L,Liberty,Tioga,PA,16930,US,US/Eastern,KIPT,2020-08-28 16:54:00,83.0,83.0,56.0,29.22,10.0,WSW,12.0,0.0,Partly Cloudy,False,False,False,False,False,False,False,False,False,True,False,False,False,Day,Day,Day,Day
C-5188435,2,2021-12-28 14:52:07,2021-12-28 17:21:13,27.91665200000001,-82.788889,27.917403000000004,-82.787642,0.0921340882157,Stationary traffic on FL-686 - US-19 Alt N from 1st St SW to 1st Ave NE due to roadwork.,99.0,W Bay Dr,L,Largo,Pinellas,FL,33770,US,US/Eastern,KPIE,2021-12-28 14:53:00,79.0,79.0,52.0,29.99,10.0,SSW,10.0,0.0,Fair,False,False,True,False,False,False,True,False,True,False,False,False,False,Day,Day,Day,Day
C-5188436,4,2021-09-08 23:47:25,2021-12-22 17:45:11,43.08410900000001,-73.776767,43.076422,-73.77589499999998,0.532941059892,Closed road from High Rock Ave (Nelson Ave) to Union Ave (Nelson Ave) due to roadwork.,272.0,Nelson Ave,R,Saratoga Springs,Saratoga,NY,12866-2411,US,US/Eastern,KSCH,2021-09-08 21:48:00,66.0,66.0,100.0,29.4,10.0,CALM,0.0,0.0,Cloudy,False,False,False,False,False,False,False,False,False,False,False,True,False,Night,Night,Night,Night
C-5188437,2,2019-09-16 16:34:00,2020-09-03 20:26:02,40.797742,-77.643124,40.79688,-77.633836,0.489450631755,Roadwork on US 322 eastbound between MOUNTAIN BACK RD RED MILL RD and 1 miles EAST of CROWFIELD RD DECKER VALLEY RD. There is a traffic disruption.,436.0,Mountain Back Rd,R,Spring Mills,Centre,PA,16875-9102,US,US/Eastern,KUNV,2019-09-16 16:53:00,73.0,73.0,73.0,28.68,10.0,ENE,7.0,0.0,Mostly Cloudy,False,False,False,False,False,False,False,False,False,True,False,False,False,Day,Day,Day,Day
C-5188438,2,2018-12-09 22:00:00,2018-12-10 06:00:00,28.542019,-81.38288100000003,,,0.209999993443,Right lane closed due to construction on Hughey Ave Southbound between Washington St / Garland Ave / Hughey Ave and Central Blvd.,2.0,N Hughey Ave,R,Orlando,Orange,FL,32801,US,US/Eastern,KORL,2018-12-09 21:53:00,64.0,,84.0,29.95,10.0,West,10.4,,Partly Cloudy,False,False,True,False,False,False,False,False,False,False,False,True,False,Night,Night,Night,Night
C-5188439,3,2017-08-15 02:13:36,2017-09-02 16:56:22,36.00287,-79.85406,36.05347,-79.6852,10.0624018032,Between I-85-BR/US-29/US-70/Exit 120A and I-840/Exit 131 - Construction work.,,I-85 N,R,Greensboro,Guilford,NC,27407,US,US/Eastern,KGSO,2017-08-15 01:54:00,71.1,,96.0,29.89,6.0,Calm,,0.23,Light Rain,False,False,False,False,True,False,False,False,False,False,False,False,False,Night,Night,Night,Night
C-5188440,2,2020-08-08 04:01:00,2020-08-08 14:46:00,33.885989,-117.550083,34.022496000000004,-117.550093,9.43173543982,Construction on I-15 NB near PARKRIDGE AVE Drive with caution.,,I-15 N,R,Corona,Riverside,CA,92879,US,US/Pacific,KAJO,2020-08-08 03:56:00,59.0,59.0,90.0,29.4,10.0,CALM,0.0,0.0,Fair,False,False,False,False,False,False,False,False,False,False,False,False,False,Night,Night,Night,Night
C-5188441,2,2020-11-18 17:31:00,2020-11-18 18:46:00,37.270613,-93.383413,37.284973,-93.401593,1.408343698,Stationary traffic on US-160 W - US-160 E from I-44 (N West Byp/US-160) to Farmer Rd (US-160) due to roadwork.,4001.0,N Farm Road 115,L,Springfield,Greene,MO,65803-7661,US,US/Central,KSGF,2020-11-18 17:52:00,63.0,63.0,29.0,28.82,10.0,S,23.0,0.0,Fair / Windy,False,False,False,False,False,False,False,False,False,False,False,False,False,Night,Night,Day,Day
C-5188442,2,2020-10-26 15:00:00,2020-10-31 06:59:59,43.19557,-77.582863,43.19621,-77.572383,0.529729910236,Utility work on NY 104 both directions between North Goodman Street; CR 108 (Irondequoit) and Town of Irondequoit and Town of Webster Line (Webster) Monday October 26th 2020 thru Friday November 6th 2020 Monday thru Friday 08:00 AM thru 04:00 PM various lane closures,,Keeler Expy E,R,Rochester,Monroe,NY,14621,US,US/Eastern,KROC,2020-10-26 14:54:00,47.0,44.0,90.0,29.46,10.0,NNW,6.0,0.0,Light Drizzle,False,False,False,False,False,False,False,False,False,False,False,False,False,Day,Day,Day,Day
C-5188443,4,2020-07-21 05:02:49,2020-07-21 19:00:00,33.595240000000004,-112.42687,33.59594,-112.42687,0.0483653936841,Closed at W Waddell Rd - Closed due to roadwork.,12000.0,N Cotton Ln,L,Surprise,Maricopa,AZ,85388,US,US/Mountain,KLUF,,,,,,,,,,,False,False,False,False,False,False,False,False,False,False,False,True,False,Night,Night,Day,Day
C-5188444,2,2019-04-09 21:41:33,2019-04-10 01:41:33,44.027977,-121.316454,44.10931,-121.29502,5.7194293717,Between US-97-BR/SE 3rd St and Tumalo Rd/Deschutes Market Rd - Maintenance work.,,Bend Pkwy,R,Bend,Deschutes,OR,97702,US,US/Pacific,KBDN,2019-04-09 21:35:00,37.0,32.0,65.0,26.69,10.0,WNW,7.0,0.0,Fair,False,False,False,False,False,False,False,False,False,False,False,True,False,Night,Night,Night,Night
C-5188445,2,2021-12-07 16:54:30,2021-12-07 19:14:22,33.411172,-112.099521,33.406247,-112.099402,0.340354302709,Slow traffic from I-17/US-60/W Durango St (S 19th Ave) to W Southern Ave (S 19th Ave) due to roadwork.,,S 19th Ave,R,Phoenix,Maricopa,AZ,85041,US,US/Mountain,KPHX,2021-12-07 16:51:00,73.0,73.0,20.0,28.7,10.0,NNW,3.0,0.0,Mostly Cloudy,False,False,False,False,False,False,False,False,True,False,False,False,False,Day,Day,Day,Day
C-5188446,2,2021-07-21 12:20:00,2021-07-21 14:23:41,28.539961,-82.40220500000002,28.539529,-82.404331,0.132450152299,Slow traffic on FL-45 - FL-577 - US-41 S - FL-50 from Greenbriar Villa Cir to Barnett Rd due to roadwork.,20019.0,Cortez Blvd,L,Brooksville,Hernando,FL,34601-3835,US,US/Eastern,KBKV,2021-07-21 11:53:00,91.0,91.0,57.0,30.03,10.0,VAR,6.0,0.0,Partly Cloudy,False,False,False,False,False,False,False,False,False,False,False,False,False,Day,Day,Day,Day
C-5188447,4,2021-09-08 06:00:30,2021-09-29 06:44:00,39.14954,-120.89801,39.150735,-120.896356,0.121125726545,Construction on I-80 EB near MAGRA Take alternate route.,29123.0,Rollins Lake Rd,L,Colfax,Placer,CA,95713,US,US/Pacific,KGOO,2021-09-28 20:55:00,54.0,54.0,47.0,26.73,10.0,CALM,0.0,0.0,Fair,False,False,False,False,False,False,False,False,False,True,False,False,False,Night,Night,Day,Day
C-5188448,2,2021-08-28 18:09:00,2021-09-16 19:40:00,39.682211,-105.08323,39.681,-105.08154,0.12278746232,Slow traffic on CO-121 from S Allison St to W Evans Ave due to roadwork.,7667.0,W Jewell Ave,R,Lakewood,Jefferson,CO,80232-6803,US,US/Mountain,KAPA,2021-09-16 18:53:00,81.0,81.0,14.0,24.08,10.0,NE,7.0,0.0,Mostly Cloudy,False,False,True,False,False,False,False,False,False,False,False,True,False,Day,Day,Day,Day
C-5188449,2,2020-03-01 21:00:00,2020-03-07 06:00:00,27.886219,-82.717422,,,0.959999978542,Intermittent lane closures due to construction work on Us-19 Northbound from 110th Ave to 126th Ave.,,126th Ave,R,Largo,Pinellas,FL,33773,US,US/Eastern,KPIE,2020-03-01 20:53:00,61.0,61.0,62.0,30.23,10.0,NE,6.0,0.0,Fair,False,False,False,False,False,False,False,False,False,False,False,True,False,Night,Night,Night,Night
C-5188450,3,2019-01-07 21:00:00,2019-09-30 17:01:00,40.381008,-104.993134,,,2.32999992371,Entry ramp to I-25 Northbound from CO-402 restrictions on entry ramp due to construction. Original on ramp from CO-402 (exit 256) will be closed. Traffic will enter NB I-25 from new ramp along the east Frontage Rd at River Ranch Pkwy.,,I-25 N,R,Johnstown,Larimer,CO,80534,US,US/Mountain,KFNL,2019-01-07 20:56:00,35.1,29.3,48.0,29.99,10.0,NNE,6.9,,Clear,False,False,False,False,False,False,False,False,False,False,False,False,False,Night,Night,Night,Night
C-5188451,4,2020-04-27 08:03:01,2020-05-01 11:44:44,39.94898,-84.41717,39.94856,-84.41716,0.0290240699169,Closed at CR-48/Frederick-Garland Rd - Closed due to roadwork.,6063.0,S State Route 721,L,Laura,Miami,OH,45337-9717,US,US/Eastern,KDAY,2020-04-27 19:56:00,62.0,62.0,37.0,28.97,10.0,S,12.0,0.0,Mostly Cloudy,False,False,False,False,False,False,False,False,False,False,False,False,False,Day,Day,Day,Day
C-5188452,3,2020-06-12 22:00:00,2020-06-13 07:00:00,41.375191,-81.513191,,,1.63999998569,Entry ramp to I-271 Northbound from Forbes Rd Eastbound closed due to construction work. Detour in operation - OH-8 to Rockside Rd to I-271.,,I-271 N,R,Bedford,Cuyahoga,OH,44146,US,US/Eastern,KBKL,2020-06-12 21:53:00,65.0,65.0,63.0,29.58,10.0,NNE,15.0,0.0,Partly Cloudy,False,False,False,False,False,False,False,False,False,False,False,False,False,Night,Night,Day,Day
C-5188453,2,2021-03-15 18:37:33,2021-03-18 02:51:26,28.825766,-97.424522,28.79901,-97.387064,2.92575182056,Roadwork on FM-884 (TX-119) from US-183 (TX-119) to TX-119.,2975.0,State Highway 119,R,Goliad,Goliad,TX,77963,US,US/Central,KVCT,2021-03-15 18:51:00,72.0,72.0,84.0,29.73,10.0,SSE,10.0,0.0,Cloudy,False,False,False,False,False,False,False,False,False,False,False,False,False,Day,Day,Day,Day
C-5188454,2,2021-05-24 15:06:00,2021-05-24 15:43:30,43.989234,-117.237952,44.007948,-117.24575,1.34985412567,Slow traffic on US-26 E - US-26 W from US-20/Central Oregon Hwy/A St (US-26) to N Road E (US-26) due to roadwork.,801.0,John Day Hwy,R,Vale,Malheur,OR,97918-5070,US,US/Mountain,KONO,2021-05-24 14:53:00,71.0,71.0,32.0,27.74,10.0,W,7.0,0.0,Fair,False,False,False,False,False,False,False,False,False,False,False,False,False,Day,Day,Day,Day
C-5188455,2,2020-12-09 17:00:00,2020-12-09 23:45:00,43.010006,-89.476043,43.015296,-89.472758,0.40141858257,Construction on US-151 SB near COUNTY PD Right lane closed. Expect delays.,,Verona Rd,R,Madison,Dane,WI,53719,US,US/Central,KC29,,,,,,,,,,,False,False,False,False,True,False,False,False,False,False,False,True,False,Night,Night,Day,Day
C-5188456,2,2021-02-20 14:07:42,2021-02-21 02:57:12,31.110056,-92.231014,31.110066,-92.2312,0.011024716677,Roadwork on LA-114 (Marksville) (LA-1) from LA-3170 (LA-1) to LA-1.,104.0,Highway 1,L,Marksville,Avoyelles,LA,71351-4324,US,US/Central,KESF,2021-02-20 17:53:00,46.0,46.0,47.0,30.19,10.0,CALM,0.0,0.0,Fair,False,False,False,False,False,False,False,False,False,False,False,False,False,Day,Day,Day,Day
C-5188457,2,2021-05-21 06:19:00,2021-05-21 18:35:02,30.371472,-81.72223000000002,30.370439,-81.724918,0.17541340502,Slow traffic on FL-111 from Moncrief Rd (Edgewood Ave/FL-111) to Old Kings Rd (Edgewood Dr/FL-111) due to roadwork.,3314.0,Edgewood Ave W,L,Jacksonville,Duval,FL,32209-2124,US,US/Eastern,KJAX,2021-05-21 05:56:00,61.0,61.0,97.0,30.27,10.0,CALM,0.0,0.0,Fair,False,False,True,False,False,False,False,False,False,False,False,False,False,Night,Day,Day,Day
C-5188458,4,2020-09-18 02:54:00,2020-09-25 19:45:00,36.714057,-79.912671,36.711396,-79.923069,0.604562257749,On Rt. 1158 (Miles Rd) in the County of Henry at Westover Dr; Rt. 1125E/W (Henry County) motorists can expect potential delays in this area from 09/17/20 at 7:54 PM until 09/25/20 at 12:00 PM due to maintenance activities. All east lanes are closed. All west lanes are closed.,1.0,Miles Rd,R,Collinsville,Henry,VA,24078-2457,US,US/Eastern,KMTV,2020-09-18 02:55:00,65.0,65.0,100.0,28.88,10.0,N,8.0,0.0,Cloudy,False,False,False,False,False,False,False,False,False,False,False,False,False,Night,Night,Night,Night
C-5188459,2,2021-08-26 07:35:00,2021-08-26 08:08:30,38.982171,-77.321042,38.977334,-77.315564,0.445268039775,Stationary traffic on VA-7 from Amanda Dr / Markell Ct to Baron Cameron Ave due to roadwork.,10825.0,Leesburg Pike,L,Herndon,Fairfax County,VA,20170-2209,US,US/Eastern,KIAD,2021-08-26 07:52:00,76.0,76.0,87.0,29.81,10.0,CALM,0.0,0.0,Mostly Cloudy,False,False,False,False,False,False,False,False,False,False,False,False,False,Day,Day,Day,Day
C-5188460,3,2018-04-23 12:35:00,2018-05-17 16:00:00,41.93813,-87.64921,41.933221,-87.64901,0.339335335754,At W Diversey Pky - Construction work.,3054.0,N Halsted St,L,Chicago,Cook,IL,60657-5120,US,US/Central,KMDW,2018-04-23 12:53:00,60.1,,33.0,30.14,10.0,North,12.7,,Mostly Cloudy,True,False,False,False,False,False,False,False,True,False,False,True,False,Day,Day,Day,Day
C-5188462,2,2020-09-30 21:45:30,2020-09-30 22:36:30,37.772767,-121.531566,37.782153,-121.530854,0.649675460276,Queuing traffic from I-205 (Mountain House Pkwy) to W Byron Rd (Mountain House Pkwy) due to roadwork.,20378.0,Mountain House Pkwy,L,Tracy,San Joaquin,CA,95304,US,US/Pacific,KSCK,2020-09-30 21:55:00,83.0,83.0,27.0,29.92,5.0,WNW,10.0,0.0,Fair,False,False,False,False,False,False,False,False,False,False,False,False,False,Night,Night,Night,Night
C-5188463,2,2021-06-23 06:30:00,2021-06-23 20:46:00,40.400755,-123.134496,40.395251,-123.102354,1.73350269509,Construction on CA-36 EB near CA-3 Expect long delays.,,Forest Route 30N24,R,Hayfork,Trinity,CA,96041,US,US/Pacific,KO54,,,,,,,,,,,False,False,False,False,False,False,False,False,False,False,False,False,False,Day,Day,Day,Day
C-5188464,2,2017-06-14 20:01:12,2017-06-15 02:01:12,40.767299,-73.996551,40.76206,-74.00133000000002,0.439971856652,At 42nd St - Construction work.,693.0,12th Ave,R,New York,New York,NY,10019-5080,US,US/Eastern,KNYC,2017-06-14 19:51:00,73.0,,42.0,29.98,10.0,Variable,5.8,,Clear,False,False,True,False,False,False,False,False,False,False,False,True,False,Day,Day,Day,Day
C-5188465,4,2021-02-13 04:17:09,2021-02-20 23:59:00,34.364031,-89.532111,34.363826,-89.532001,0.0154914055553,Closed road from All American Dr to Library Annex Rd due to roadwork.,,All American Dr,R,University,Lafayette,MS,38677,US,US/Central,KUOX,2021-02-13 04:15:00,23.0,12.0,100.0,29.66,5.0,N,10.0,0.0,Cloudy,False,False,True,False,False,False,False,False,False,False,False,False,False,Night,Night,Night,Night
C-5188466,2,2021-05-10 00:00:00,2021-11-06 00:45:00,30.282786,-85.150769,30.290504,-85.139634,0.851896796462,Construction on FL-71 NB near CHIPOLA RIV Allow extra time.,5889.0,State Road 71 S,R,Wewahitchka,Calhoun,FL,32449,US,US/Central,KTDR,2021-05-10 00:56:00,73.0,73.0,88.0,29.98,10.0,SSW,7.0,0.0,Fair,False,False,False,False,False,False,False,False,False,False,False,False,False,Night,Night,Night,Night
C-5188467,2,2020-11-20 12:52:00,2020-11-20 23:54:27,25.740741,-80.237946,25.7401,-80.237208,0.0638057691959999,Stationary traffic on FL-9 - US-1 N - FL-5 from SW 28th Ln / SW 27th Ter to SW 26th Ave due to roadwork.,,SW 28th Ln,R,Miami,Miami-Dade,FL,33133,US,US/Eastern,KMIA,2020-11-20 12:53:00,79.0,79.0,64.0,30.18,10.0,ENE,16.0,0.0,Mostly Cloudy,False,False,True,False,False,False,False,False,False,False,False,True,False,Day,Day,Day,Day
C-5188468,3,2018-12-18 04:43:12,2019-06-30 23:59:00,33.177440999999995,-87.380646,,,0.0,Intermittent lane closures due to construction work on I-20 Eastbound near US-11 University Blvd.,,I-20 E,R,Cottondale,Tuscaloosa,AL,35453,US,US/Central,KTCL,2018-12-18 04:53:00,35.1,,92.0,30.17,2.5,Calm,,,Clear,False,False,False,False,False,False,False,False,False,False,False,False,False,Night,Night,Night,Night
C-5188469,3,2019-05-10 09:00:00,2019-05-10 16:00:00,41.724632,-88.03421,,,0.0,Right lane closed due to construction work on I-355 both ways at Exit 13 CR-67 Boughton Rd.,,I-355 N,R,Bolingbrook,Will,IL,60440,US,US/Central,KLOT,2019-05-10 08:55:00,47.0,41.0,68.0,29.38,10.0,N,15.0,0.0,Fair,False,False,False,False,False,False,False,False,False,False,False,False,False,Day,Day,Day,Day
C-5188470,2,2019-01-10 20:03:18,2019-01-14 20:03:06,27.87893,-82.71224000000002,27.878731,-82.680138,1.9606563742900005,Between US-19 and 34th St N - Roadwork. Lane blocked.,11748.0,US Highway 19 N,R,Clearwater,Pinellas,FL,33764-7409,US,US/Eastern,KPIE,2019-01-10 19:53:00,51.1,,66.0,30.14,10.0,NNW,8.1,,Clear,False,False,False,False,False,False,False,False,False,False,False,True,False,Night,Night,Night,Night
C-5188471,3,2019-09-10 19:00:00,2019-09-11 05:00:00,36.829121,-76.310829,,,0.0,Lane closed and left hand shoulder closed due to construction work on I-264 Eastbound at Exit 7A VA-141 Effingham St.,,I-264 E,R,Portsmouth,Portsmouth,VA,23704,US,US/Eastern,,,,,,,,,,,,False,False,False,False,False,False,False,False,False,False,False,False,False,Day,Day,Day,Day
C-5188472,2,2018-07-04 21:00:56,2018-07-05 03:00:56,26.93054,-80.14881,27.05075,-80.23501999999998,9.8568397027,Between SR-706/Exit 87 and CR-708/Exit 96 - Construction work.,,I-95 N,R,Jupiter,Palm Beach,FL,33458,US,US/Eastern,KSUA,2018-07-04 20:47:00,77.0,,89.0,30.09,5.0,SSW,6.9,,Light Thunderstorms and Rain,False,False,False,False,True,False,False,False,False,False,False,False,False,Night,Night,Day,Day
C-5188473,2,2021-03-11 09:35:00,2021-12-30 08:38:54,46.797069,-117.137099,46.785269,-117.148689,0.982506109882,Roadwork on Palouse Albion Rd (WA-27) from Pullman Albion Rd/Whelan Rd (WA-27) to WA-27.,7158.0,State Route 27,R,Pullman,Whitman,WA,99163-8758,US,US/Pacific,KPUW,2021-12-28 00:53:00,13.0,5.0,84.0,27.04,6.0,E,5.0,0.0,Light Snow,False,False,False,False,False,False,False,False,False,False,False,False,False,Day,Day,Day,Day
C-5188474,2,2019-05-20 07:13:13,2019-05-24 07:16:52,41.94312,-80.500288,41.94311,-80.472881,1.40850873658,At US-6/Exit 3 - Roadwork. Open.,,I-90 E,R,West Springfield,Erie,PA,16443,US,US/Eastern,KHZY,2019-05-20 07:01:00,62.0,62.0,96.0,28.84,10.0,SSW,7.0,0.0,Mostly Cloudy,False,False,False,False,False,False,False,False,False,False,False,False,False,Day,Day,Day,Day
C-5188475,2,2020-09-11 12:20:30,2020-09-11 20:25:18,42.152926,-87.95836,42.154235,-87.95800600000004,0.0922430632048,Stationary traffic on IL-83 from Weiland Rd / McHenry Rd to Weiland Rd due to roadwork.,47.0,S McHenry Rd,L,Buffalo Grove,Cook,IL,60089-6705,US,US/Central,KPWK,2020-09-11 11:52:00,63.0,63.0,93.0,29.6,5.0,E,7.0,0.0,Cloudy,False,False,False,False,False,False,False,False,False,False,False,False,False,Day,Day,Day,Day
C-5188476,2,2020-08-03 14:22:21,2020-08-04 15:27:49,39.360152,-77.548934,39.364417,-77.52112,1.51475508261,Construction on MD-180 EB near BROAD RUN RD Expect long delays.,3499.0,Jefferson Pike,R,Jefferson,Frederick,MD,21755-8206,US,US/Eastern,KFDK,2020-08-03 14:47:00,86.0,86.0,45.0,29.71,10.0,S,5.0,0.0,Mostly Cloudy,False,False,False,False,False,False,False,False,False,False,False,False,False,Day,Day,Day,Day
C-5188477,2,2021-07-08 15:41:42,2021-07-08 18:28:42,44.425634,-103.428605,44.436212,-103.428519,0.730882509087,Stationary traffic on SD-79 from SD-34 (SD-79) to CR-MC-20A/Cottonwood Creek Rd (SD-79) due to roadwork.,,SD Highway 79,R,Sturgis,Meade,SD,57785,US,US/Central,KSPF,2021-07-08 15:35:00,84.0,84.0,45.0,25.9,10.0,E,14.0,0.0,Fair,False,False,False,False,False,False,False,False,False,False,False,False,False,Day,Day,Day,Day
C-5188478,2,2019-07-15 07:00:00,2019-07-15 19:00:00,38.27555,-104.48137,38.275551,-104.48132,0.00271293756032,At CO-231/36th Ln - Construction work.,33316.0,E State Highway 96,R,Pueblo,Pueblo,CO,81006-9518,US,US/Mountain,KPUB,2019-07-15 06:53:00,65.0,65.0,87.0,25.3,10.0,CALM,0.0,0.0,Fair,False,False,False,False,False,False,False,False,False,False,False,False,False,Day,Day,Day,Day
C-5188479,2,2017-11-10 07:04:14,2017-11-10 13:06:08,41.424547,-75.839095,41.391963,-75.83240500000002,2.27787646168,At Slocum St - Roadwork. Lane blocked.,3532.0,Sullivan St,L,Falls,Wyoming,PA,18615-7958,US,US/Eastern,KAVP,2017-11-10 06:54:00,28.9,16.1,43.0,30.19,10.0,NW,19.6,,Scattered Clouds,False,False,False,False,False,False,False,False,False,False,False,False,False,Day,Day,Day,Day
C-5188480,2,2021-03-29 07:38:42,2021-03-30 08:21:52,42.228456,-79.437731,42.227428,-79.437104,0.0779359996183,Roadwork on Springbrook Rd (NY-430) from Sen Jess J Present Memorial Hwy/Bemus Ellery Rd (NY-430) to NY-430.,,E Lake Rd,R,Dewittville,Chautauqua,NY,14728,US,US/Eastern,KJHW,2021-03-29 07:56:00,28.0,,88.0,28.26,9.0,,,0.0,Light Snow,False,False,False,False,False,False,False,False,False,False,False,False,False,Day,Day,Day,Day
C-5188481,3,2019-05-01 23:11:32,2019-05-02 05:01:00,32.770489000000005,-117.161942,,,1.75,Exit ramp from CA-163 Southbound at Exits 3A 3B 4 to Friars Rd Eastbound closed due to construction work.,,CA-163 S,R,San Diego,San Diego,CA,92108,US,US/Pacific,KMYF,2019-05-01 22:53:00,61.0,61.0,75.0,29.61,10.0,NW,10.0,0.0,Cloudy,False,False,False,False,False,False,False,False,False,False,False,False,False,Night,Night,Night,Night
C-5188482,2,2021-04-08 05:33:00,2021-04-08 13:38:30,39.970013,-75.30240500000002,39.968461,-75.29463299999998,0.425287553454,Slow traffic on PA-3 from Eagle Rd (W Chester Pike/PA-3) to US-1/E Township Line Rd (W Chester Pike/PA-3) due to roadwork.,398.0,W Chester Pike,L,Havertown,Delaware,PA,19083-5125,US,US/Eastern,KPHL,2021-04-08 05:54:00,46.0,46.0,76.0,30.08,10.0,NE,3.0,0.0,Fair,False,False,True,False,False,False,False,False,False,False,False,True,False,Night,Night,Day,Day
C-5188483,2,2016-08-21 07:00:00,2020-09-14 07:45:00,25.988159,-80.16574200000002,26.003335,-80.16696,1.05128651765,Construction on I-95 NB near PALM BEACH COUNTY LINE Allow extra time.,,I-95 N,R,Hallandale,Broward,FL,33009,US,US/Eastern,KFLL,2016-08-21 06:53:00,82.0,,82.0,30.0,10.0,SSW,3.5,,Partly Cloudy,False,False,False,False,False,False,False,False,False,False,False,False,False,Day,Day,Day,Day
C-5188484,2,2020-12-08 13:42:30,2020-12-09 03:28:48,43.606371,-116.354863,43.604954,-116.35358,0.117071588041,Stationary traffic on ID-55 from E Lanark St to S Brooklyn Ave due to roadwork.,173.0,N Eagle Rd,R,Meridian,Ada,ID,83642,US,US/Mountain,KMAN,2020-12-08 13:35:00,39.0,39.0,52.0,27.76,10.0,W,3.0,0.0,Fair,False,False,False,False,False,False,False,False,False,False,False,False,False,Day,Day,Day,Day
C-5188485,2,2021-05-10 18:11:00,2021-12-23 15:19:33,33.464191,-112.186289,33.465953000000006,-112.18743,0.138370808701,Stationary traffic from I-10 W to N 60th Ln due to roadwork.,1337.0,N 59th Ave,R,Phoenix,Maricopa,AZ,85043,US,US/Mountain,KGEU,2021-08-13 19:58:00,97.0,97.0,31.0,28.74,10.0,S,9.0,0.0,Partly Cloudy,False,False,False,False,False,False,False,False,False,False,False,False,False,Day,Day,Day,Day
C-5188486,2,2021-08-11 17:30:00,2021-08-12 05:00:00,38.10876500000001,-122.508598,,,4.13999986649,One lane closed due to paving repairs on CA-37 Westbound between Lakeville Hwy and Harbor Dr.,,CA-37 W,R,Novato,Marin,CA,94945,US,US/Pacific,KDVO,2021-08-11 17:35:00,70.0,70.0,56.0,29.84,10.0,WNW,10.0,0.0,Fair,False,False,False,False,True,False,False,False,False,False,False,False,False,Day,Day,Day,Day
C-5188487,2,2020-07-22 04:58:55,2020-07-22 06:01:00,37.56538,-122.328079,,,0.25,One lane closed due to utility work on CA-82 El Camino Real Southbound from Tilton Ave to De Sabla Rd.,,Baywood Ave,R,San Mateo,San Mateo,CA,94402,US,US/Pacific,KSQL,2020-07-22 04:55:00,59.0,59.0,82.0,29.83,10.0,SW,3.0,0.0,Cloudy,False,False,False,False,False,False,False,False,False,False,False,True,False,Night,Night,Night,Day
C-5188488,2,2020-05-17 01:00:00,2021-12-29 13:07:48,32.95432,-96.837003,32.954388,-96.839548,0.147625176901,Slow traffic from Addison Rd (8th St/Belt Line Rd) to Marsh Ln (8th St/Belt Line Rd) due to roadwork.,4401.0,Belt Line Rd,L,Addison,Dallas,TX,75001-4514,US,US/Central,KADS,2021-11-20 18:47:00,66.0,66.0,68.0,29.33,10.0,SSE,9.0,0.0,Fair,False,False,False,False,False,False,False,False,False,False,False,False,False,Night,Night,Night,Night
C-5188489,3,2021-11-29 23:00:00,2021-11-30 05:00:00,33.718681,-117.970161,,,0.0,Two lanes closed due to bridge maintenance work on I-405 Northbound at Exit 15 Warner Ave.,,I-405 N,R,Fountain Valley,Orange,CA,92708,US,US/Pacific,KSNA,2021-11-29 23:03:00,58.0,58.0,90.0,29.99,0.25,SSW,5.0,0.0,Fog,False,False,False,False,False,False,False,False,False,False,False,False,False,Night,Night,Night,Night
C-5188490,2,2020-08-14 03:00:00,2020-08-14 13:15:00,43.070373,-88.539567,43.069944,-88.510694,1.4576369139899998,Construction on I-94 EB near GOLDEN LAKE RD Left lane closed. Expect delays.,,I-94 E,R,Oconomowoc,Waukesha,WI,53066,US,US/Central,KRYV,2020-08-14 02:55:00,62.0,62.0,100.0,29.17,10.0,CALM,0.0,0.0,Fair,False,False,False,False,False,False,False,False,False,False,False,False,False,Night,Night,Night,Night
C-5188491,2,2021-01-07 17:58:00,2021-01-07 22:45:00,40.767294,-73.57260500000002,40.80243,-73.437196,7.48839633052,Construction pothole repair on Northern State Parkway eastbound between Exit 33 - Wantagh State Parkway (North Hempstead) and Exit 39 - Round Swamp Road (Huntington) right lane closed until 2:00 P.M.,,Northern State Pkwy E,R,Westbury,Nassau,NY,11590,US,US/Eastern,KFRG,2021-01-07 17:53:00,37.0,30.0,50.0,29.99,10.0,NNW,10.0,0.0,Fair,False,False,False,False,False,False,False,False,False,False,False,False,False,Night,Night,Night,Day
C-5188492,2,2021-02-09 05:01:00,2021-02-09 14:46:00,37.780734,-122.238588,37.774993,-122.233529,0.483396337172,Construction on I-880 SB near 23RD AVE Drive with caution.,,I-880 S,R,Oakland,Alameda,CA,94606,US,US/Pacific,KOAK,2021-02-09 04:53:00,52.0,52.0,80.0,30.01,10.0,CALM,0.0,0.0,Cloudy,False,False,False,False,False,False,False,False,False,False,False,False,False,Night,Night,Night,Night
C-5188493,2,2021-08-12 22:50:00,2021-08-13 00:54:40,40.717187,-73.983642,40.719086,-73.98506,0.150764165662,Slow traffic from exit [32A] to Rivington St due to roadwork.,,Williamsburg Brg W,R,New York,New York,NY,10002,US,US/Eastern,KJRB,2021-08-12 22:51:00,85.0,85.0,63.0,29.87,10.0,VAR,5.0,0.0,Fair,True,False,True,False,False,False,False,False,False,False,False,True,False,Night,Night,Night,Night
C-5188494,4,2020-05-20 10:14:45,2020-05-20 14:49:23,41.97525,-87.75525999999998,41.97528,-87.75289000000002,0.121755945293,Closed at Elston Ave - Closed due to roadwork.,5197.0,N Leclaire Ave,R,Chicago,Cook,IL,60630-2336,US,US/Central,KORD,2020-05-20 09:51:00,61.0,61.0,67.0,29.41,10.0,E,12.0,0.0,Partly Cloudy,False,False,False,False,False,False,False,False,True,False,False,True,False,Day,Day,Day,Day
C-5188495,2,2021-05-12 00:49:47,2021-05-12 06:00:00,36.20919,-119.327553,,,0.920000016689,Exit ramp from CA-99 Northbound at Exit 87 to E Tulare Ave Eastbound closed due to electricity work.,,N Dayton St,R,Tulare,Tulare,CA,93274,US,US/Pacific,KVIS,2021-05-12 00:56:00,66.0,66.0,48.0,29.57,10.0,WSW,3.0,0.0,Fair,False,False,False,False,False,False,False,False,False,False,False,False,False,Night,Night,Night,Night
C-5188496,2,2020-05-27 08:32:08,2020-05-27 15:00:00,28.63585,-81.40289,28.63085,-81.39186,0.7528432980249999,At I-4 - Roadwork. Right lane closed.,8697.0,Maitland Summit Blvd,R,Orlando,Orange,FL,32810,US,US/Eastern,KORL,2020-05-27 08:29:00,80.0,80.0,85.0,29.83,10.0,SSW,7.0,0.0,Partly Cloudy,False,False,False,False,False,False,False,False,False,False,False,True,False,Day,Day,Day,Day
C-5188497,2,2021-06-09 07:01:00,2021-06-09 16:46:00,37.08202100000001,-120.497175,37.052119,-120.64011399999998,8.1468019258,Alternating Lanes closure due to Guardrail Work between San Juan Canal and San Juan (Left)/Azusa Road (Right),2052.0,State Highway 152,L,Dos Palos,Merced,CA,93620-9505,US,US/Pacific,KMCE,2021-06-09 06:53:00,56.0,56.0,64.0,29.91,10.0,NW,8.0,0.0,Cloudy,False,False,False,False,False,False,False,False,False,False,False,False,False,Day,Day,Day,Day
C-5188498,2,2021-07-06 23:03:30,2021-07-06 23:27:30,40.718657,-73.946349,40.718944,-73.943449,0.153154357615,Stationary traffic from Brooklyn Queens Expy to Humboldt St due to roadwork.,432.0,Meeker Ave,R,Brooklyn,Kings,NY,11222-5012,US,US/Eastern,KNYC,2021-07-06 22:51:00,72.0,72.0,93.0,29.87,4.0,SSW,5.0,0.14,Partly Cloudy,True,False,False,False,False,False,False,False,False,True,False,False,False,Night,Night,Night,Night
C-5188499,2,2021-11-09 07:13:00,2021-11-09 10:14:34,27.841239,-82.381587,27.849778000000004,-82.38126199999998,0.590322715772,Slow traffic on FL-45 - US-41 N from Palm Ave to Gibsonton Dr due to roadwork.,,Palm Ave,R,Gibsonton,Hillsborough,FL,33534,US,US/Eastern,KTPF,2021-11-09 07:15:00,50.0,50.0,94.0,30.21,10.0,CALM,0.0,0.0,Fair,False,False,True,False,False,False,True,False,False,False,False,True,False,Day,Day,Day,Day
C-5188500,2,2020-09-24 11:08:00,2020-09-24 14:36:04,33.817196,-84.10591600000002,33.817209000000005,-84.106349,0.024872162869,Roadwork from Pounds Dr N / Maggie Dr to Villa Park Cir.,2250.0,Rockbridge Rd,L,Stone Mountain,Gwinnett,GA,30087-3517,US,US/Eastern,KPDK,2020-09-24 10:53:00,65.0,65.0,87.0,28.98,10.0,VAR,3.0,0.0,Cloudy,False,False,False,False,False,False,False,False,False,False,False,False,False,Day,Day,Day,Day
C-5188501,2,2021-06-24 11:12:56,2021-11-04 15:20:00,43.53390200000001,-89.444757,43.533326,-89.44311,0.0915969955578,Roadwork on US-51/W Mullett St/De Witt St (W Wisconsin St/WI-16) from CR-P (US-51/WI-16) to US-51 S - WI-16 - US-51 N.,1199.0,E Wisconsin St,R,Portage,Columbia,WI,53901-2531,US,US/Central,KDLL,2021-07-05 04:55:00,72.0,72.0,78.0,28.87,10.0,WSW,7.0,0.0,Fair,False,False,False,False,False,False,False,False,False,False,False,False,False,Day,Day,Day,Day
C-5188502,2,2021-12-26 13:08:30,2021-12-26 15:40:18,25.946648,-80.147074,25.947573,-80.148077,0.0892627416227,Slow traffic on US-1 N - FL-860 - FL-5 from NE 183rd St to W Dixie Hwy due to roadwork.,18511.0,Biscayne Blvd,L,Miami,Miami-Dade,FL,33180-2916,US,US/Eastern,KHWO,2021-12-26 12:53:00,79.0,79.0,56.0,30.09,10.0,CALM,0.0,0.0,Fair,False,False,False,False,False,False,False,False,False,False,False,False,False,Day,Day,Day,Day
C-5188503,2,2020-07-29 01:31:19,2020-07-29 07:36:34,43.046451,-77.56890899999998,43.04792,-77.579364,0.537572135875,Road maintenance operations right lane closed on I-90 - NYS Thruway eastbound from after Exit 46 (I-90) - Rochester - Corning (I-390) to before Exit 45 (I-90) - Rochester - Victor (I-490) until 7:00 AM 07/29/2020. [CARS CAD-202100487],,I-90 W,R,Pittsford,Monroe,NY,14534,US,US/Eastern,KROC,2020-07-29 01:54:00,67.0,67.0,73.0,29.29,10.0,SW,8.0,0.0,Fair,False,False,False,False,False,False,False,False,False,False,False,False,False,Night,Night,Night,Night
C-5188504,2,2021-12-03 09:00:00,2021-12-03 23:59:59,41.155061,-73.860132,41.155364,-73.86027,0.0221320254102,Utility work on US 9 both directions between Martin Road (Ossining) and Broad Avenue (Ossining) 20210890450 - 29259309 Friday December 3rd 2021 09:00 AM thru 04:00 PM alternate lanes closed Monday December 6th 2021 thru Friday December 10th 2021 Monday thru Friday 10:00 AM thru 04:00 PM alternate lanes closed,86.0,S Highland Ave,L,Ossining,Westchester,NY,10562-5615,US,US/Eastern,KHPN,2021-12-03 08:56:00,40.0,29.0,49.0,29.39,10.0,WNW,26.0,0.0,Fair / Windy,False,False,False,False,False,False,False,False,False,False,False,False,False,Day,Day,Day,Day
C-5188505,2,2021-09-29 16:57:31,2021-09-29 17:17:31,40.824204,-73.95496999999997,40.828272,-73.9508,0.355715762332,Slow traffic from W 133rd St (Overpass) (Riverside Dr) to W 158th St (Overpass) (Riverside Dr) due to roadwork.,,Riverside Dr,R,New York,New York,NY,10031,US,US/Eastern,KNYC,2021-09-29 16:51:00,67.0,,40.0,29.87,10.0,,,0.0,Cloudy,False,False,False,False,False,False,False,False,False,False,False,True,False,Day,Day,Day,Day
C-5188506,2,2021-08-23 14:48:00,2021-08-23 15:36:30,32.776671,-96.784148,32.780559999999994,-96.774067,0.6443246783600001,Slow traffic on I-30 E - R L Thornton Fwy E - US-67 N from I-45 exit [46] to S 2nd Ave due to roadwork.,,I-30 E,R,Dallas,Dallas,TX,75226,US,US/Central,KDAL,2021-08-23 14:53:00,97.0,97.0,39.0,29.45,10.0,SSE,12.0,0.0,Fair,False,False,False,False,False,False,False,False,False,False,False,False,False,Day,Day,Day,Day
C-5188507,2,2020-06-08 13:02:26,2020-06-11 23:24:41,40.07389000000001,-77.90974,40.08904,-77.82654000000002,4.52124665959,Between Tuscarora Tunl (West) and Tuscarora Tunl (East) - Roadwork. Roadway reduced to 1 lane.,,I-76 W,R,Burnt Cabins,Fulton,PA,17215,US,US/Eastern,KAOO,2020-06-08 12:53:00,73.0,73.0,41.0,28.52,10.0,VAR,5.0,0.0,Fair,False,False,False,False,False,False,False,False,False,False,False,False,False,Day,Day,Day,Day
C-5188508,2,2021-02-15 09:52:00,2021-02-15 11:17:30,39.071674,-95.001766,39.070337,-95.009765,0.43891182802,Slow traffic on I-70 W - Kansas Tpke W from exit [224A] to exit [212] due to roadwork.,,I-70 W,R,Tonganoxie,Leavenworth,KS,66086,US,US/Central,KLWC,2021-02-15 09:52:00,-4.0,-22.0,62.0,29.58,10.0,N,12.0,0.0,Cloudy,False,False,False,False,False,False,False,False,False,False,False,False,False,Day,Day,Day,Day
C-5188509,2,2016-03-18 20:01:49,2016-03-19 02:01:49,38.32556,-85.46848,38.35037,-85.40855,3.67249327694,Between KY-329-byp and KY-2858 - Construction work.,6501.0,W Highway 22,R,Crestwood,Oldham,KY,40014-9323,US,US/Eastern,KLOU,2016-03-18 19:53:00,57.9,,27.0,30.01,10.0,NNE,9.2,,Scattered Clouds,False,False,True,False,False,False,True,False,False,False,False,False,False,Night,Day,Day,Day
C-5188511,2,2020-04-30 10:40:55,2020-05-04 10:39:56,38.96221,-84.63553,38.95152,-84.63401999999998,0.7430510085269999,At KY-536/Mt Zion Rd/Exit 178 - Roadwork. Lane blocked.,,I-75 S,R,Florence,Boone,KY,41042,US,US/Eastern,KCVG,2020-04-30 10:45:00,48.0,42.0,77.0,28.74,10.0,W,15.0,0.0,Cloudy,False,False,False,False,False,False,False,False,False,False,False,False,False,Day,Day,Day,Day
C-5188512,2,2016-09-09 09:01:50,2016-09-09 15:01:50,38.936788,-76.960204,38.9366,-76.960756,0.0323856559855,At 34th St - Construction work.,3402.0,Rhode Island Ave,L,Mount Rainier,Prince Georges,MD,20712-2001,US,US/Eastern,KCGS,2016-09-09 09:04:00,82.4,,70.0,29.94,10.0,SSW,3.5,,Clear,True,False,True,False,False,False,False,False,False,False,True,False,False,Day,Day,Day,Day
C-5188513,2,2021-09-17 13:31:30,2021-09-17 17:52:11,26.275329,-80.109876,26.27523,-80.114708,0.299442356083,Slow traffic on FL-834 from 15th Ave (FL-834) to 3rd Ave (FL-834) due to roadwork.,985.0,E Sample Rd,L,Pompano Beach,Broward,FL,33064-5118,US,US/Eastern,KPMP,2021-09-17 13:53:00,88.0,88.0,65.0,30.05,10.0,SE,12.0,0.0,Fair,False,False,False,False,False,False,False,False,False,False,False,False,False,Day,Day,Day,Day
C-5188514,2,2016-12-30 08:09:10,2016-12-30 14:09:41,41.1848,-80.45335,41.181296,-80.49917099999998,2.39497775933,At Mercer/Trumbull County Line - Roadwork. Lane blocked.,,I-80 W,R,West Middlesex,Mercer,PA,16159,US,US/Eastern,KUCP,2016-12-30 08:21:00,28.4,18.0,86.0,29.82,5.0,West,12.7,0.0,Light Snow,False,False,False,False,False,False,False,False,False,False,False,False,False,Day,Day,Day,Day
C-5188515,2,2019-08-27 09:47:09,2019-09-01 09:01:38,33.898249,-118.072979,33.897599,-118.07297,0.0449136885913,At Alondra Blvd - Construction work.,14637.0,Norwalk Blvd,R,Norwalk,Los Angeles,CA,90650-6002,US,US/Pacific,KFUL,2019-08-27 09:53:00,77.0,77.0,64.0,29.75,10.0,SSE,5.0,0.0,Fair,False,False,False,False,False,False,False,False,False,False,False,False,False,Day,Day,Day,Day
C-5188516,2,2021-05-10 09:30:00,2021-10-05 17:23:09,33.3794,-111.690781,33.379399,-111.691104,0.0186359894288,Construction on BASELINE RD WB near HOUSE 6761 Allow extra time.,6626.0,E Baseline Rd,L,Mesa,Maricopa,AZ,85206-4421,US,US/Mountain,KFFZ,2021-05-10 09:51:00,80.0,80.0,11.0,28.63,10.0,SSE,9.0,0.0,Fair,False,False,False,False,False,False,False,False,False,False,False,False,False,Day,Day,Day,Day
C-5188517,2,2016-05-25 09:43:54,2016-05-25 15:00:00,41.64488,-72.67513000000002,41.71067,-72.64619,4.78470793834,Between West St/Exit 23 and CT-3/Exit 25/Exit 26 - Construction work.,,I-91 N,R,Rocky Hill,Hartford,CT,06067,US,US/Eastern,KHFD,2016-05-25 09:53:00,72.0,,55.0,30.03,10.0,South,6.9,,Clear,False,False,False,False,True,False,False,False,False,False,False,False,False,Day,Day,Day,Day
C-5188518,2,2021-04-21 03:53:30,2021-11-16 17:26:31,41.951779,-96.855468,41.956927,-96.867609,0.7181215739869999,Stationary traffic on US-275 W - US-275 E from Blaine St (US-275) to 13th St (US-275) due to roadwork.,955.0,Highway 275,L,Beemer,Cuming,NE,68716,US,US/Central,KLCG,2021-08-31 05:55:00,65.0,65.0,94.0,28.4,10.0,W,15.0,0.14,Light Rain with Thunder,False,False,False,False,False,False,False,False,False,False,False,False,False,Night,Night,Night,Night
C-5188519,2,2021-06-19 13:03:30,2021-06-19 14:38:03,45.07553,-93.446008,45.08789,-93.446577,0.85444571866,Slow traffic on I-494 N from exit [26] to exit [27] due to roadwork.,,I-494 N,R,Osseo,Hennepin,MN,55369,US,US/Central,KMIC,2021-06-19 12:53:00,76.0,76.0,37.0,28.89,10.0,NW,10.0,0.0,Fair,False,False,False,False,False,False,False,False,False,False,False,False,False,Day,Day,Day,Day
C-5188520,2,2020-12-01 12:55:00,2020-12-01 16:32:30,40.664549,-75.420286,40.661484,-75.424408,0.302522511989,Stationary traffic on PA-987 from Hanoverville Rd (Airport Rd) to City Line Rd (Airport Rd) due to roadwork.,,Airport Rd,R,Allentown,Northampton,PA,18109,US,US/Eastern,KABE,2020-12-01 12:51:00,41.0,35.0,73.0,29.16,10.0,WSW,10.0,0.0,Cloudy,False,False,False,False,False,False,False,False,False,False,False,True,False,Day,Day,Day,Day
C-5188521,2,2021-11-09 12:18:30,2021-12-09 16:00:00,32.742471,-96.81846,32.723677,-96.826839,1.38685905314,Roadwork on Ewing Ave/Exit 426A (I-35E) from Illinois Ave/Exit 424 (I-35E) to US-67 S - US-77 S - R L Thornton Fwy S - I-35E S.,,I-35E S,R,Dallas,Dallas,TX,75203,US,US/Central,KRBD,2021-11-09 11:53:00,70.0,70.0,68.0,29.45,10.0,SSW,12.0,0.0,Fair,False,False,False,False,False,False,False,False,False,False,False,False,False,Day,Day,Day,Day
C-5188522,2,2020-11-14 11:06:30,2020-11-14 12:06:00,44.209376,-69.824525,44.213966,-69.824066,0.317952413762,Slow traffic on I-295 N from US-201/Exit 49 (I-295) to I-95/Maine Tpke (I-295) due to roadwork.,,I-295 N,R,Gardiner,Kennebec,ME,04345,US,US/Eastern,KAUG,2020-11-14 10:53:00,46.0,41.0,63.0,29.59,10.0,W,10.0,0.0,Cloudy,False,False,False,False,False,False,False,False,False,False,False,False,False,Day,Day,Day,Day
C-5188523,2,2021-03-28 09:29:12,2021-12-20 18:24:05,48.223523,-124.254009,48.19144,-124.226075,2.56287387367,Stationary traffic on WA-112 from Olympic National Park to Clallam Bay-Neah Bay due to roadwork.,,Olympic National Park,R,Clallam Bay,Clallam,WA,98326,US,US/Pacific,KUIL,2021-08-02 12:53:00,71.0,71.0,63.0,29.96,10.0,W,6.0,0.0,Fair,False,False,False,False,False,False,False,False,False,False,False,False,False,Day,Day,Day,Day
C-5188524,4,2020-06-02 18:53:35,2020-06-03 19:53:35,41.89382,-87.82574,41.89364000000001,-87.83458,0.454829646704,Closed at IL-171/N 1st Ave - Bridge closed. Construction work.,781.0,Thatcher Ave,R,River Forest,Cook,IL,60305-1603,US,US/Central,KORD,2020-06-02 18:51:00,92.0,92.0,35.0,29.06,10.0,WSW,18.0,0.0,Fair,False,False,True,False,False,False,False,False,False,False,False,True,False,Day,Day,Day,Day
C-5188525,2,2021-03-03 14:32:55,2021-03-03 17:08:02,35.447212,-97.427317,35.438143,-97.41344,1.00140642377,Slow traffic on I-40 E - US-270 E from 15th St/Exit 155 (I-40) to 29th St/Exit 157 (I-40) due to roadwork.,,I-40 E,R,Oklahoma City,Oklahoma,OK,73115,US,US/Central,KTIK,2021-03-03 14:38:00,70.0,70.0,21.0,28.66,10.0,S,14.0,0.0,Fair,False,False,False,False,False,False,False,False,False,False,False,False,False,Day,Day,Day,Day
C-5188526,2,2020-05-27 00:00:00,2020-05-30 23:59:00,38.43646,-87.19357,38.43635,-87.2126,1.02994650075,At IN-61 - Construction work. Lane closed.,4455.0,E State Road 56,L,Winslow,Pike,IN,47598-8422,US,US/Eastern,KHNB,2020-05-27 00:15:00,73.0,73.0,78.0,29.47,10.0,SSE,3.0,0.0,Cloudy,False,False,False,False,False,False,False,False,False,False,False,False,False,Night,Night,Night,Night
C-5188527,2,2020-05-13 09:00:00,2020-05-14 15:30:00,38.66181,-104.7011,38.66181,-104.7011,0.0,At Ray Nixon Rd/Exit 125 - Construction work.,,I-25 S,R,Fountain,El Paso,CO,80817,US,US/Mountain,KFCS,2020-05-13 08:58:00,59.0,59.0,47.0,24.05,10.0,S,6.0,0.0,Fair,False,False,False,False,False,False,False,False,False,False,False,False,False,Day,Day,Day,Day
C-5188528,4,2018-10-23 05:15:05,2018-10-23 07:14:29,41.405192,-82.110667,41.40519000000001,-82.11069,0.0011999263232,At OH-57/Exit 145 - Roadwork.,,I-90 W,R,Elyria,Lorain,OH,44035,US,US/Eastern,KLPR,2018-10-23 04:53:00,42.1,39.2,76.0,30.01,10.0,West,4.6,,Overcast,False,False,False,False,False,False,False,False,False,False,False,False,False,Night,Night,Night,Night
C-5188529,2,2020-04-12 16:43:30,2020-04-12 18:43:30,39.13407,-76.58452,39.13407,-76.58452,0.0,At MD-177/Mountain Rd/Jumpers Hole Rd - Roadwork. Hard shoulder closed.,,Mountain Rd,R,Pasadena,Anne Arundel,MD,21122,US,US/Eastern,KBWI,2020-04-12 16:54:00,70.0,70.0,46.0,29.86,10.0,ESE,12.0,0.0,Mostly Cloudy,False,False,False,False,False,False,False,False,False,False,False,True,False,Day,Day,Day,Day
C-5188530,3,2018-07-31 18:00:00,2018-08-01 06:00:00,40.27684,-74.828209,,,0.0,One lane closed due to construction on I-295 Northbound at Exit 2 County Hwy-579 Bear Tavern Rd.,,Bear Tavern Rd,R,Trenton,Mercer,NJ,08628,US,US/Eastern,KTTN,2018-07-31 17:53:00,79.0,,69.0,30.06,10.0,SE,6.9,,Mostly Cloudy,False,False,False,False,True,False,False,False,False,False,False,False,False,Day,Day,Day,Day
C-5188531,4,2019-07-22 15:05:31,2019-07-22 20:03:29,32.988669,-97.031609,32.989858,-97.03319,0.123061196983,Closed at Lakeside Pkwy - Closed due to roadwork.,4258.0,Lakeside Pkwy,R,Grapevine,Dallas,TX,76051,US,US/Central,KDFW,2019-07-22 14:53:00,93.0,93.0,50.0,29.33,10.0,N,20.0,0.0,Mostly Cloudy,False,False,False,False,False,False,False,False,False,False,False,False,False,Day,Day,Day,Day
C-5188532,4,2020-08-04 15:00:00,2020-08-04 20:45:00,44.197943,-88.453194,44.198593,-88.453187,0.044912061269,Construction on WI-114 EB near FOX RIV Expect delays.,101.0,River St,R,Menasha,Winnebago,WI,54952-3032,US,US/Central,KATW,2020-08-04 14:45:00,70.0,70.0,28.0,29.09,10.0,N,12.0,0.0,Mostly Cloudy,True,False,True,False,False,False,True,False,True,False,False,True,False,Day,Day,Day,Day
C-5188533,4,2021-06-01 14:15:00,2021-11-24 14:15:00,40.453035,-85.370141,40.448478,-85.37015699999998,0.314859836701,Construction on IN-3 SB near FRANKLIN ST Road closed. Take alternate route.,301.0,W Franklin St,L,Hartford City,Blackford,IN,47348-2004,US,US/Eastern,KMIE,2021-06-01 13:53:00,75.0,75.0,37.0,29.2,10.0,SW,3.0,0.0,Fair,False,False,False,False,False,False,False,False,False,False,False,False,False,Day,Day,Day,Day
C-5188534,2,2021-09-18 12:41:30,2021-09-18 14:42:46,25.930767000000003,-80.188369,25.928536,-80.18777,0.158577425351,Stationary traffic on FL-915 - FL-826 from NE 169th St to N Miami Beach Blvd due to roadwork.,16909.0,NE 6th Ave,R,North Miami Beach,Miami-Dade,FL,33162-2407,US,US/Eastern,KHWO,2021-09-18 12:53:00,89.0,89.0,59.0,30.06,10.0,VAR,3.0,0.0,Light Rain,False,False,False,False,False,False,False,False,True,False,False,False,False,Day,Day,Day,Day
C-5188535,2,2021-03-10 03:46:30,2021-12-31 13:28:30,39.77355,-105.800141,39.764022,-105.73012,3.77645762128,Slow traffic on US-40 W - US-40 E from CR-202/Henderson Mine Rd (US-40) to Main St/Bard Creek Rd (Park Ave/US-40) due to roadwork.,6620.0,US Highway 40,L,Empire,Clear Creek,CO,80438,US,US/Mountain,K0CO,2021-12-31 16:48:00,19.0,9.0,86.0,20.24,1.0,SSE,9.0,0.0,Light Snow,False,False,False,False,False,False,False,False,False,False,False,False,False,Night,Night,Night,Night
C-5188536,2,2020-12-21 18:00:00,2020-12-21 23:45:00,38.837085,-77.4469,38.83744,-77.44549,0.0797503792623999,On US-29 North (Lee Hwy) in the County of Fairfax at Xxover; US-29N Ramp 226B motorists can expect potential delays in this area from 12/21/20 at 10:00 AM until 12/21/20 at 3:00 PM due to construction activities.,,Lee Hwy,R,Centreville,Fairfax County,VA,20121,US,US/Eastern,KHEF,2020-12-21 17:56:00,40.0,40.0,93.0,29.57,10.0,CALM,0.0,0.0,Fair,False,False,False,False,False,False,False,False,False,False,False,True,False,Night,Night,Night,Day
C-5188537,3,2018-08-06 20:30:46,2018-08-07 06:00:00,33.991721000000005,-80.955111,33.96777,-80.95368,1.6568862833899998,Between SC-760/Jackson Blvd/Exit 10 and US-76/US-378/Exit 9 - Roadwork.,,I-77 S,R,Columbia,Richland,SC,29209,US,US/Eastern,KCUB,2018-08-06 20:53:00,78.1,,84.0,30.09,10.0,Calm,,,Clear,False,False,False,False,False,False,False,False,False,False,False,False,False,Night,Day,Day,Day
C-5188538,3,2018-12-23 16:00:00,2020-03-21 08:01:16,32.22085,-110.77337,32.221,-110.80689,1.95936958745,Between Houghton Rd and E Old Spanish Trl - Roadwork.,10293.0,E Broadway Blvd,L,Tucson,Pima,AZ,85748-3407,US,US/Mountain,KDMA,2018-12-23 15:58:00,74.8,,16.0,30.04,10.0,NNW,6.9,,Clear,False,False,True,False,False,False,False,False,False,False,False,True,False,Day,Day,Day,Day
C-5188539,2,2021-11-03 12:20:00,2021-11-03 17:12:25,39.763723,-86.34074,39.763149,-86.336872,0.2092286286279999,Stationary traffic on US-36 E - US-36 W from Shiloh Crossing Dr to Conrail Railroad due to roadwork.,10269.0,E US Highway 36,R,Avon,Hendricks,IN,46123-7985,US,US/Eastern,KIND,2021-11-03 11:54:00,44.0,44.0,45.0,29.55,10.0,CALM,0.0,0.0,Partly Cloudy,False,False,False,False,False,False,False,False,False,False,False,True,False,Day,Day,Day,Day
C-5188540,2,2021-12-27 18:01:30,2021-12-27 20:04:46,33.480502,-112.187813,33.481171,-112.186394,0.093935084957,Stationary traffic from N 60th Ave to W Catalina Dr due to roadwork.,5985.0,W Thomas Rd,L,Phoenix,Maricopa,AZ,85033-5852,US,US/Mountain,KGEU,2021-12-27 17:58:00,54.0,54.0,77.0,28.68,10.0,SW,8.0,0.0,Fair,True,False,False,False,False,False,False,False,True,False,False,False,False,Night,Night,Day,Day
C-5188541,2,2020-11-17 16:54:00,2020-11-18 17:50:08,39.740703,-77.083517,39.739661,-77.082204,0.100247936375,Construction on PA-97 SB near COLUMBUS AVE Allow extra time.,499.0,S Queen St,R,Littlestown,Adams,PA,17340-1609,US,US/Eastern,KDMW,2020-11-17 16:55:00,43.0,35.0,49.0,29.28,10.0,WNW,15.0,0.0,Fair,False,False,False,False,False,False,False,False,False,False,False,False,False,Night,Day,Day,Day
C-5188542,2,2021-09-20 14:17:30,2021-09-20 14:38:00,39.50725,-107.316985,39.510072,-107.31869,0.215124870898,Stationary traffic from Red Cliff Cir to Midland Ave / County Road 127 due to roadwork.,1446.0,County Road 117,R,Glenwood Springs,Garfield,CO,81601,US,US/Mountain,K5SM,2021-09-20 14:15:00,43.0,39.0,53.0,20.43,10.0,WSW,7.0,,Fair,False,False,False,False,False,False,False,False,False,False,False,False,False,Day,Day,Day,Day
C-5188543,2,2020-09-29 12:28:00,2020-09-29 21:29:47,39.686994,-75.594918,39.692576,-75.598535,0.430966017046,Stationary traffic on DE-141 from US-40/US-13/N Dupont Pkwy (US-202/Basin Rd/DE-141) to DE-37/Commons Blvd (US-202/Basin Rd/DE-141) due to roadwork.,708.0,W Basin Rd,L,New Castle,New Castle,DE,19720-1706,US,US/Eastern,KILG,2020-09-29 12:43:00,73.0,73.0,81.0,29.77,10.0,SSE,9.0,0.0,Light Rain,False,False,False,False,False,False,False,False,False,False,False,False,False,Day,Day,Day,Day
C-5188544,2,2019-07-29 07:00:00,2019-08-30 18:01:00,39.75119,-105.034592,,,1.60000002384,Intermittent lane closures due to paving repairs and maintenance work on 23rd Ave both ways from US-287 Federal Blvd to Lowell Blvd.,3601.0,W 23rd Ave,R,Denver,Denver,CO,80211-4401,US,US/Mountain,KBJC,2019-07-29 06:47:00,63.0,63.0,59.0,24.58,12.0,WNW,5.0,0.0,Fair,False,False,True,False,False,False,False,False,False,True,False,False,False,Day,Day,Day,Day
C-5188545,2,2021-08-03 17:06:31,2021-12-18 15:47:20,42.566568,-87.919308,42.566641,-87.912162,0.3636714459130001,Stationary traffic on WI-50 from I-94/US-41 (75th St/WI-50) to 77th Ave (75th St/WI-50) due to roadwork.,9227.0,75th St,R,Pleasant Prairie,Kenosha,WI,53158,US,US/Central,KENW,2021-09-19 12:53:00,84.0,84.0,55.0,29.29,10.0,ESE,10.0,0.0,Fair,False,False,False,False,False,False,False,False,False,False,False,False,False,Day,Day,Day,Day
C-5188546,2,2021-07-04 13:53:41,2021-07-04 14:13:41,25.890108,-80.189852,25.890378,-80.184467,0.3352438459719999,Slow traffic on FL-922 from Griffing Blvd/NE North Miami Blvd (NE 125th St/North Miami Blvd/FL-922) to NE 10th Ave (NE 125th St/North Miami Blvd/FL-922) due to roadwork.,426.0,NE 125th St,R,North Miami,Miami-Dade,FL,33161-4717,US,US/Eastern,KOPF,2021-07-04 13:53:00,91.0,91.0,59.0,29.98,10.0,ESE,12.0,0.0,Fair,False,False,False,False,False,False,False,False,True,False,False,True,False,Day,Day,Day,Day
C-5188547,2,2020-02-18 16:56:00,2020-08-31 12:49:26,40.302052,-80.164774,40.333627,-80.13635,2.64608109655,Roadwork on I-79 northbound between Exit 48: SOUTHPOINTE/HENDERSONVILLE and Mile Post: 53.5. There is a traffic disruption.,,I-79 N,R,Canonsburg,Washington,PA,15317,US,US/Eastern,KAFJ,2020-02-18 16:53:00,50.0,50.0,86.0,28.74,10.0,W,10.0,0.0,Cloudy,False,False,False,False,False,False,False,False,False,False,False,False,False,Day,Day,Day,Day
C-5188548,2,2021-10-26 07:00:00,2021-10-29 17:45:00,32.564788,-90.179766,32.56712,-90.16777,0.7168696307060001,Construction on MS-22 EB near CAROLINE BLVD Expect delays.,3085.0,Highway 22,R,Madison,Madison,MS,39110,US,US/Central,KHKS,2021-10-26 06:53:00,56.0,56.0,77.0,29.65,10.0,ENE,7.0,0.0,Fair,False,False,False,False,False,False,False,False,False,False,False,False,False,Night,Day,Day,Day
C-5188549,4,2021-08-06 08:10:18,2021-11-15 10:53:37,40.794803,-74.254464,40.794598,-74.25411899999997,0.02294090457,Closed road from Rooney Cir to West Orange due to roadwork.,8.0,Rooney Cir,R,West Orange,Essex,NJ,07052-3302,US,US/Eastern,KCDW,2021-08-06 07:53:00,70.0,70.0,78.0,29.98,10.0,CALM,0.0,0.0,Fair,False,False,False,False,False,False,False,False,False,False,False,False,False,Day,Day,Day,Day
C-5188550,2,2021-08-10 16:10:54,2021-08-10 18:25:03,25.684604,-80.400559,25.685901,-80.40190799999998,0.122825944701,Slow traffic on FL-94 from SW 89th Ter to SW 132nd Ave due to roadwork.,8901.0,SW 127th Ave,L,Miami,Miami-Dade,FL,33186,US,US/Eastern,KTMB,2021-08-10 15:53:00,91.0,91.0,55.0,30.09,10.0,E,14.0,0.0,Fair,False,False,False,False,False,False,False,False,False,False,False,False,False,Day,Day,Day,Day
C-5188551,2,2021-02-11 23:01:00,2021-02-12 05:46:00,34.153341999999995,-118.337649,34.153135,-118.368504,1.76426979037,Construction on CA-134 WB near BOB HOPE DR Construction. Expect long delays.,,CA-134 W,R,Burbank,Los Angeles,CA,91505,US,US/Pacific,KBUR,2021-02-11 22:53:00,54.0,54.0,80.0,29.14,8.0,ESE,6.0,0.0,Fair,False,False,False,False,True,False,False,False,False,False,False,False,False,Night,Night,Night,Night
C-5188552,2,2019-04-30 15:00:31,2019-05-04 14:59:53,42.62417,-83.06197,42.62439000000001,-83.05185999999998,0.514213497038,Between Marigold Dr and Mound Rd - Roadwork.,7851.0,Hall Rd,L,Utica,Macomb,MI,48317-5524,US,US/Eastern,KVLL,2019-04-30 14:55:00,49.0,46.0,66.0,29.56,10.0,SE,7.0,0.0,Cloudy,False,False,False,False,False,False,False,False,False,False,False,True,False,Day,Day,Day,Day
C-5188553,2,2020-09-29 12:02:00,2020-09-30 00:28:12,28.192402,-82.380637,28.193852000000003,-82.382995,0.175088933348,Stationary traffic on FL-56 from CR-581/Bruce B Downs Blvd (FL-56) to I-75 (FL-56) due to roadwork.,26152.0,State Road 56,L,Wesley Chapel,Pasco,FL,33544,US,US/Eastern,KVDF,2020-09-29 11:55:00,88.0,88.0,62.0,29.86,10.0,SW,6.0,0.0,Partly Cloudy,False,False,False,False,False,False,False,False,False,False,False,True,False,Day,Day,Day,Day
C-5188554,2,2021-06-30 21:00:00,2021-07-01 05:00:00,39.815579,-104.95338999999998,39.826329,-104.96872,1.10158880841,Crew are making bridge deck repairs and guardrail and bridge rail repairs at two ramp locations on EB and WB I-270 near the I-25 interchange. Work is performed during overnight hours to minimize traffic impacts.,,I-270 W,R,Denver,Adams,CO,80229,US,US/Mountain,KBJC,2021-06-30 20:45:00,70.0,70.0,49.0,24.5,10.0,W,6.0,0.0,Mostly Cloudy,False,False,False,False,True,False,False,False,False,False,False,False,False,Night,Day,Day,Day
C-5188555,2,2021-10-17 22:10:00,2021-10-18 00:14:20,47.744117,-116.894188,47.745993,-116.894195,0.129619663079,Stationary traffic on ID-41 from E Poleline Ave (ID-41) to W Hayden Ave (ID-41) due to roadwork.,4022.0,N Highway 41,R,Post Falls,Kootenai,ID,83854-5743,US,US/Pacific,KCOE,2021-10-17 21:56:00,44.0,41.0,79.0,27.27,10.0,E,6.0,0.0,Fair,False,False,False,False,False,False,False,False,False,False,False,False,False,Night,Night,Night,Night
C-5188556,2,2021-03-15 04:23:44,2021-03-15 12:45:30,39.778522,-104.889703,39.786882,-104.903243,0.922228329818,Slow traffic on I-270 W - US-36 W from I-70/US-36 (I-270) to CO-35/Sandcreek Dr/Quebec St/Exit 4 (I-270) due to roadwork.,,I-270 W,R,Denver,Denver,CO,80238,US,US/Mountain,KBKF,2021-03-15 03:58:00,20.0,20.0,99.0,24.2,10.0,SSW,3.0,0.0,Mostly Cloudy,False,False,False,False,False,False,False,False,False,False,False,False,False,Night,Night,Night,Night
C-5188557,2,2020-10-14 13:58:30,2020-10-14 22:22:30,42.156243,-87.95427099999998,42.153966,-87.954165,0.157419375444,Stationary traffic on County Hwy-W17 - County Hwy-73 from Woodstone Dr to Lexington Dr due to roadwork.,197.0,N Weiland Rd,R,Buffalo Grove,Lake,IL,60089-7004,US,US/Central,KPWK,2020-10-14 13:52:00,72.0,72.0,33.0,28.94,10.0,S,17.0,0.0,Fair,False,False,False,False,False,False,False,False,False,False,False,False,False,Day,Day,Day,Day
C-5188558,2,2021-10-07 06:41:00,2021-10-07 06:55:00,41.426681,-73.32803,41.425945,-73.349299,1.10305057574,Slow traffic on I-84 W from US-6/Church Hill Rd/Exit 10 (I-84) to CT-25/Exit 9 (I-84) due to roadwork.,,I-84 W,R,Newtown,Fairfield,CT,06470,US,US/Eastern,KOXC,2021-10-07 06:51:00,48.0,48.0,100.0,29.54,5.0,CALM,0.0,0.0,Mostly Cloudy,False,False,False,False,True,False,False,False,False,False,False,False,False,Night,Day,Day,Day
C-5188559,2,2020-11-05 23:32:30,2020-11-06 02:15:00,44.901865,-93.278039,44.90396,-93.278037,0.144750747047,Stationary traffic from E 66th St (Nicollet Ave) to E Diamond Lake Rd (Nicollet Ave) due to roadwork.,5545.0,Nicollet Ave S,R,Minneapolis,Hennepin,MN,55419-1958,US,US/Central,KMSP,2020-11-05 23:53:00,58.0,58.0,49.0,29.1,10.0,SSW,6.0,0.0,Mostly Cloudy,False,False,True,False,False,False,False,False,True,False,False,True,False,Night,Night,Night,Night
C-5188560,2,2020-06-22 21:43:01,2020-06-23 06:59:59,28.5096,-81.40056,28.62536,-81.3865,8.04363055328,Between SR-423/John Young Pky/Exit 79 and SR-414/Maitland Blvd/Exit 90 - Roadwork. Two lanes closed.,,I-4 E,R,Orlando,Orange,FL,32839,US,US/Eastern,KORL,2020-06-22 21:46:00,76.0,76.0,85.0,30.01,4.0,SSE,15.0,0.05,Heavy T-Storm,False,False,False,False,False,False,False,False,False,False,False,False,False,Night,Night,Night,Day
C-5188561,2,2021-03-07 04:26:00,2021-03-08 11:31:52,40.760928,-73.967052,40.759653,-73.964016,0.181675457551,Slow traffic from 3rd Ave to Ed Koch Queensboro Brg due to roadwork.,198.0,E 58th St,R,New York,New York,NY,10022,US,US/Eastern,KNYC,2021-03-07 04:51:00,29.0,,51.0,30.16,10.0,,,0.0,Cloudy,True,False,True,False,False,False,False,False,False,False,False,True,False,Night,Night,Night,Night
C-5188563,2,2020-10-07 12:36:30,2020-10-07 18:13:00,40.018052,-79.600936,40.01618,-79.600877,0.1293805545319999,Stationary traffic on US-119 from N Pittsburgh St (Memorial Blvd/US-119) to PA-711/PA-201/W Crawford Ave (PA-711/S 9th St/8th St/US-119) due to roadwork.,,US-119 S,R,Connellsville,Fayette,PA,15425,US,US/Eastern,KLBE,2020-10-07 12:47:00,72.0,72.0,46.0,28.57,20.0,WSW,18.0,0.0,Fair,False,False,False,False,False,False,False,False,False,False,False,True,False,Day,Day,Day,Day
C-5188564,2,2020-07-08 08:00:00,2020-08-06 20:45:00,33.450590000000005,-112.47882,33.450136,-112.478918,0.0318731132327,Construction on JACKRABBIT TR near VAN BUREN ST Drive with caution.,493.0,N Jackrabbit Trl,L,Buckeye,Maricopa,AZ,85326,US,US/Mountain,KBXK,,,,,,,,,,,False,False,False,False,False,False,False,False,False,True,False,False,False,Day,Day,Day,Day
C-5188565,2,2021-05-10 22:29:10,2021-05-11 04:03:11,41.012053,-73.849188,41.021208,-73.845706,0.658081331887,NYSTA - Statewide Ops.: road maintenance operations right lane closed on I-87 - NYS Thruway southbound from After Exit 7 (I-87) - Ardsley (Rte 9A) to Before Exit 7 (I-87) - Ardsley (Rte 9A) until 3:30 AM 05/11/2021 [CARS CAD-211300526],,Ashford Ave,R,Ardsley,Westchester,NY,10502,US,US/Eastern,KHPN,2021-05-10 22:56:00,46.0,44.0,83.0,29.52,10.0,WNW,5.0,0.0,Fair,False,False,False,False,False,False,False,False,False,False,False,False,False,Night,Night,Night,Night
C-5188566,2,2021-09-24 13:16:00,2021-09-24 13:42:35,31.551381,-97.125449,31.550006,-97.122702,0.187580506068,Slow traffic from Clay Ave to Dutton Ave due to roadwork.,717.0,S 5th St,R,Waco,McLennan,TX,76706-1107,US,US/Central,KCNW,2021-09-24 12:55:00,84.0,84.0,28.0,29.6,10.0,SSW,8.0,,Fair,False,False,False,False,False,False,False,False,False,False,False,True,False,Day,Day,Day,Day
C-5188567,2,2021-10-31 11:43:00,2021-10-31 14:22:59,39.04217,-94.585185,39.04226,-94.58803,0.152799585984,Slow traffic on US-56 W from Grand Ave to W 47th St / J.C. Nichols Pkwy due to roadwork.,,Grand Ave,R,Kansas City,Jackson,MO,64112,US,US/Central,KNKA,2021-10-31 11:54:00,54.0,54.0,41.0,29.42,10.0,NNE,12.0,0.0,Fair,True,False,True,False,False,False,False,False,True,False,False,True,False,Day,Day,Day,Day
C-5188568,2,2021-08-22 17:55:12,2021-08-22 18:49:36,28.259744,-81.48618,28.255777,-81.486414,0.274463307965,Slow traffic from US-192/W Irlo Bronson Memorial Hwy (Poinciana Blvd) to US-17/US-92/S Orange Blossom Trl (Poinciana Blvd) due to roadwork.,1584.0,S Poinciana Blvd,L,Kissimmee,Osceola,FL,34746,US,US/Eastern,KISM,2021-08-22 17:56:00,93.0,93.0,52.0,29.89,10.0,WSW,8.0,0.0,Partly Cloudy,False,False,True,False,False,False,False,False,False,False,False,True,False,Day,Day,Day,Day
C-5188569,2,2021-07-01 09:00:00,2021-07-01 15:30:00,38.76659,-77.534836,,,7.17999982834,Intermittent lane closures due to construction on VA-234 Prince William Pkwy both ways between Balls Ford Rd and Wellington Rd.,,Prince William Pkwy,R,Manassas,Prince William,VA,20109,US,US/Eastern,KHEF,2021-07-01 08:56:00,79.0,79.0,82.0,29.72,10.0,SSW,5.0,0.0,Partly Cloudy,False,False,False,False,False,False,False,False,False,False,False,True,False,Day,Day,Day,Day
C-5188570,2,2021-12-09 13:11:30,2021-12-09 13:31:30,42.640894,-71.316805,42.638895,-71.31531700000002,0.157468951338,Stationary traffic from Fletcher St (Thorndike St) to MA-3A/MA-110/Middlesex St (Thorndike St) due to roadwork.,,Thorndike St,R,Lowell,Middlesex,MA,01852,US,US/Eastern,KLWM,2021-12-09 12:54:00,35.0,27.0,46.0,29.98,10.0,W,12.0,0.0,Mostly Cloudy,False,False,True,False,False,False,False,False,False,False,False,True,False,Day,Day,Day,Day
C-5188571,2,2016-09-30 21:01:51,2016-10-01 06:01:51,28.51097,-81.39282,28.51084,-81.3948,0.1205492193579999,Between Westmoreland Dr and Woods St - Construction work.,3100.0,S Westmoreland Dr,R,Orlando,Orange,FL,32805,US,US/Eastern,KORL,2016-09-30 20:53:00,75.9,,91.0,30.03,10.0,East,11.5,,Partly Cloudy,False,False,False,False,False,False,False,False,False,False,False,False,False,Night,Night,Night,Night
C-5188572,2,2019-03-27 09:05:43,2019-03-31 09:05:25,41.65133,-73.07956,41.68341,-73.06703,2.30893861843,Between US-6/CT-254/Exit 38 and CT-222/Main St/Exit 40 - Bridge maintenance work.,,James H Darcey Memorial Hwy N,R,Thomaston,Litchfield,CT,06787,US,US/Eastern,KOXC,2019-03-27 08:51:00,30.9,23.5,40.0,30.57,10.0,ENE,8.1,,Clear,False,False,False,False,False,False,False,False,False,False,False,False,False,Day,Day,Day,Day
C-5188573,2,2020-04-07 13:19:00,2020-04-11 13:18:40,37.64347,-122.46258,37.64267,-122.4621,0.0611958614674,At Westborough Blvd - Construction work.,3541.0,Callan Blvd,L,South San Francisco,San Mateo,CA,94080-5118,US,US/Pacific,KSFO,2020-04-07 12:56:00,56.0,56.0,62.0,30.11,10.0,NNE,3.0,0.0,Fair,False,False,False,False,False,False,False,False,True,False,False,True,False,Day,Day,Day,Day
C-5188574,2,2021-12-22 14:11:00,2021-12-22 14:38:30,34.008327,-118.406871,34.004234000000004,-118.410409,0.3479089165,Stationary traffic from Overland Ave (Culver Blvd) to I-405/Sawtelle Blvd/San Diego Fwy (Culver Blvd) due to roadwork.,4200.0,Huron Ave,L,Culver City,Los Angeles,CA,90230,US,US/Pacific,KSMO,2021-12-22 13:51:00,59.0,59.0,67.0,29.83,10.0,W,5.0,0.0,Fair,False,False,True,False,False,False,False,False,True,True,False,False,False,Day,Day,Day,Day
C-5188575,2,2021-11-12 16:07:00,2021-11-12 18:09:00,41.959506,-87.688544,41.96133,-87.6899,0.14400148325,Slow traffic from W Cullom Ave to N Artesian Ave due to roadwork.,4301.0,N Western Ave,L,Chicago,Cook,IL,60618-1621,US,US/Central,KORD,2021-11-12 16:13:00,35.0,26.0,85.0,29.03,10.0,SW,14.0,0.0,Cloudy,True,False,False,False,False,False,False,False,False,False,False,False,False,Day,Day,Day,Day
C-5188576,2,2020-07-14 09:02:00,2020-07-14 13:45:00,34.15218,-81.253422,34.147236,-81.241017,0.7872858975779999,Construction on I-26 EB near EXIT 97 Construction. Right lane closed.,,I-26 E,R,Chapin,Richland,SC,29036,US,US/Eastern,KFDW,2020-07-14 08:55:00,77.0,77.0,83.0,29.38,10.0,CALM,0.0,0.0,Fair,False,False,False,False,True,False,False,False,False,False,False,False,False,Day,Day,Day,Day
C-5188577,2,2021-08-15 21:25:12,2021-09-14 23:59:00,42.26877,-124.401776,42.205502,-124.329379,5.72927875025,Road construction is occurring. Use caution.,24511.0,Carpenterville Rd,L,Gold Beach,Curry,OR,97444-9646,US,US/Pacific,KBOK,2021-08-15 21:27:00,57.0,57.0,100.0,29.55,1.0,CALM,0.0,0.0,Fog,False,False,False,False,False,False,False,False,False,False,False,False,False,Night,Night,Night,Day
C-5188579,2,2019-06-21 05:56:11,2019-06-25 05:56:05,34.162717,-118.373344,34.1649,-118.37465,0.168299596233,At Magnolia Blvd - Roadwork.,5072.0,Lankershim Blvd,R,North Hollywood,Los Angeles,CA,91601-4225,US,US/Pacific,KBUR,2019-06-21 05:53:00,59.0,59.0,96.0,29.07,3.0,SSE,5.0,0.01,Cloudy,True,False,False,False,False,False,False,False,True,False,False,True,False,Day,Day,Day,Day
C-5188580,4,2021-01-08 08:43:00,2021-04-22 06:17:04,30.001277,-90.153666,30.00194500000001,-90.153646,0.046169916138,Construction on RIDGELAKE DR NB near 26TH ST Road closed. Take alternate route.,2731.0,Ridgelake Dr,R,Metairie,Jefferson,LA,70002-6038,US,US/Pacific,KAUD,2021-01-08 08:55:00,46.0,40.0,73.0,30.2,10.0,NNW,13.0,0.0,Cloudy,False,False,False,False,False,False,False,False,False,False,False,False,False,Day,Day,Day,Day
C-5188581,2,2021-03-03 14:58:00,2021-03-04 15:53:38,41.025905,-76.446625,41.022845,-76.464843,0.972885878476,Construction on I-80 WB near MP 234 Allow extra time.,,I-80 W,R,Bloomsburg,Columbia,PA,17815,US,US/Eastern,KSEG,2021-03-03 14:53:00,55.0,55.0,37.0,29.36,10.0,VAR,6.0,0.0,Fair,False,False,False,False,False,False,False,False,False,False,False,False,False,Day,Day,Day,Day
C-5188582,2,2019-09-30 23:00:00,2019-10-01 05:30:00,25.810902,-80.26469399999998,,,0.129999995232,Intermittent lane closures due to construction work on FL-953 42nd Ave both ways from Park Dr to US-27 Okeechobee Rd.,810.0,E Okeechobee Rd,R,Hialeah,Miami-Dade,FL,33010,US,US/Eastern,KMIA,2019-09-30 22:53:00,81.0,81.0,65.0,29.94,10.0,ENE,10.0,0.0,Partly Cloudy,False,False,False,False,False,False,False,False,True,False,False,True,False,Night,Night,Night,Night
C-5188583,2,2016-05-26 09:00:00,2016-05-26 15:00:00,34.23392,-117.149879,34.217289,-117.12827,1.68652807794,At Nob Hill Dr - Maintenance work. Single alternate lane traffic.,,State Highway 18,R,Running Springs,San Bernardino,CA,92382,US,US/Pacific,KSBD,2016-05-26 08:50:00,62.6,,55.0,30.08,7.0,SSW,3.5,,Scattered Clouds,False,False,False,False,False,False,False,False,False,False,False,False,False,Day,Day,Day,Day
C-5188584,4,2021-09-02 17:09:36,2021-11-17 16:00:00,33.993184,-81.029948,33.992684999999994,-81.031511,0.0959463813241,US-76 W is closed from Harden St (Devine St/US-76) to SC-48/Assembly St (Blossom St/US-76) due to roadwork.,1201.0,Blossom St,L,Columbia,Richland,SC,29208-2900,US,US/Eastern,KCUB,2021-11-07 02:04:00,52.0,52.0,80.0,29.86,3.0,VAR,6.0,0.02,Rain,False,False,True,False,False,False,False,False,False,False,False,True,False,Day,Day,Day,Day
C-5188585,2,2021-05-13 15:43:00,2021-07-12 22:41:53,41.191869,-75.251707,41.186291,-75.251177,0.386387072615,Roadwork on PA 447 both directions at UPPER SEESE HILL RD. There is a lane restriction.,4710.0,Creek Rd,R,Canadensis,Monroe,PA,18325-7871,US,US/Eastern,KMPO,2021-05-13 15:53:00,62.0,62.0,29.0,28.16,10.0,NNW,13.0,0.0,Cloudy,False,False,False,False,False,False,False,False,False,False,False,False,False,Day,Day,Day,Day
C-5188586,4,2019-08-19 15:26:34,2019-09-14 15:00:00,42.24082,-83.33601,42.23966,-83.34065,0.250513062793,Ramp closed to Exit 198 - Closed due to roadwork.,,I-94 W,R,Romulus,Wayne,MI,48174,US,US/Eastern,KDTW,2019-08-19 15:53:00,82.0,82.0,56.0,29.38,10.0,S,6.0,0.0,Mostly Cloudy,False,False,False,False,False,False,False,False,False,False,False,False,False,Day,Day,Day,Day
C-5188587,2,2016-11-22 08:54:46,2016-11-22 14:54:46,33.069583,-117.060705,33.07564,-117.08323,1.36967391468,Between Bear Valley Pkwy and Felicita Rd - Roadwork.,3579.0,Bear Valley Pkwy S,R,Escondido,San Diego,CA,92025,US,US/Pacific,KRNM,2016-11-22 08:53:00,53.1,,80.0,30.12,10.0,Calm,,,Clear,False,False,False,False,False,False,False,False,False,False,False,False,False,Day,Day,Day,Day
C-5188588,3,2020-07-15 19:00:00,2020-07-16 05:30:00,42.961311,-88.00817099999998,,,1.02999997139,Entry ramp to I-894 Eastbound from S 76th St closed due to construction work.,4600.0,S 76th St,L,Milwaukee,Milwaukee,WI,53220-3721,US,US/Central,KMKE,2020-07-15 18:52:00,70.0,70.0,90.0,29.2,7.0,NNE,13.0,0.19,Light Rain,False,False,False,False,False,False,False,False,False,False,False,False,False,Day,Day,Day,Day
C-5188589,3,2018-09-27 22:12:45,2018-09-28 06:01:00,34.093868,-118.310059,,,0.129999995232,Exit ramp from US-101 Eastbound at Exit 7 to Lexington Ave closed due to construction work.,,Hollywood Fwy S,R,Los Angeles,Los Angeles,CA,90038,US,US/Pacific,KCQT,2018-09-27 21:47:00,66.0,,84.0,29.86,8.0,Calm,,,Clear,False,False,False,False,False,False,False,False,False,False,False,False,False,Night,Night,Night,Night
C-5188590,2,2021-09-07 09:46:00,2021-09-07 10:30:00,35.064285,-81.77328299999998,35.048292,-81.806332,2.1714127960900003,Slow traffic on I-85 S from Green River Road exit [87] to exit [80] due to roadwork.,,I-85 S,R,Cowpens,Cherokee,SC,29330,US,US/Eastern,KSPA,2021-09-07 09:55:00,73.0,73.0,69.0,29.2,10.0,CALM,0.0,0.0,Mostly Cloudy,False,False,False,False,False,False,False,False,False,False,False,False,False,Day,Day,Day,Day
C-5188591,2,2021-09-07 19:45:30,2021-09-07 20:24:00,44.517391,-88.900717,44.513545,-88.90544,0.3532134561599999,Stationary traffic on WI-22 from US-45/WI-76 (WI-22) to WI-161 (WI-22) due to roadwork.,,E6499 State Road 22,R,Bear Creek,Waupaca,WI,54922-9641,US,US/Central,KCLI,,,,,,,,,,,False,False,False,False,False,False,False,False,False,False,False,False,False,Night,Day,Day,Day
C-5188592,2,2021-04-13 06:26:00,2021-04-14 07:52:58,40.226386,-79.609605,40.308026,-79.675155,6.61524126416,Construction on I-76 WB near MP 72 Construction. Right lane closed.,,I-76 W,R,New Stanton,Westmoreland,PA,15672,US,US/Eastern,KLBE,2021-04-13 06:50:00,48.0,48.0,100.0,28.79,4.0,CALM,0.0,0.0,Cloudy,False,False,False,False,False,False,False,False,False,False,False,False,False,Night,Day,Day,Day
C-5188593,2,2021-02-19 05:06:00,2021-02-19 14:52:59,25.768585,-80.288042,25.770777,-80.28900300000002,0.162829441303,Slow traffic on FL-959 - FL-968 from SW 2nd Ter to SW 57th Ct / NW 57th Ct due to roadwork.,5700.0,SW 2nd Ter,L,Miami,Miami-Dade,FL,33144-3404,US,US/Eastern,KMIA,2021-02-19 04:53:00,77.0,77.0,88.0,30.04,10.0,S,7.0,0.0,Partly Cloudy,False,False,False,False,False,False,False,False,False,False,False,False,False,Night,Night,Night,Night
C-5188594,2,2021-10-09 14:19:00,2021-10-09 14:52:30,39.846549,-104.923998,39.824128,-104.962122,2.5477826142200004,Slow traffic on I-76 W from US-85/US-6/Exit 9 (I-76) to I-270/Exit 6 (I-76) due to roadwork.,,I-76 W,R,Henderson,Adams,CO,80640,US,US/Mountain,KDEN,2021-10-09 13:53:00,70.0,70.0,21.0,24.4,10.0,WNW,22.0,0.0,Partly Cloudy / Windy,False,False,False,False,True,False,False,False,False,False,False,False,False,Day,Day,Day,Day
C-5188596,2,2021-12-29 15:05:08,2021-12-29 17:29:26,30.248413,-81.744838,30.249113,-81.743048,0.1172757227649999,Stationary traffic on FL-21 - FL-134 from Jammes Rd to Transylvania Ave due to roadwork.,6280.0,103rd St,L,Jacksonville,Duval,FL,32210-7733,US,US/Eastern,KNIP,2021-12-29 14:53:00,80.0,80.0,56.0,29.97,10.0,WSW,12.0,0.0,Mostly Cloudy,False,False,True,False,False,False,False,False,False,False,False,False,False,Day,Day,Day,Day
C-5188597,2,2016-11-21 07:00:00,2016-11-21 16:00:00,42.280369,-71.84030200000002,,,0.0,Intermittent lane closures due to resurfacing work on Hillcrest Ave both ways around Oak Knoll St.,2.0,Oak Knoll St,R,Worcester,Worcester,MA,01609,US,US/Eastern,KORH,2016-11-21 06:54:00,27.0,13.9,66.0,29.42,10.0,West,18.4,0.0,Overcast,False,False,False,False,False,False,False,False,False,False,False,False,False,Day,Day,Day,Day
C-5188598,2,2020-10-30 18:12:36,2020-10-30 19:38:07,45.607507,-122.681327,45.618055,-122.675101,0.788474597719,Slow traffic on I-5 from Marine Dr/Exit 307 (I-5) to Interstate Bridge (I-5) due to roadwork.,,I-5 N,R,Portland,Multnomah,OR,97217,US,US/Pacific,KVUO,2020-10-30 17:53:00,58.0,58.0,56.0,30.15,10.0,NNW,9.0,0.0,Partly Cloudy,False,False,False,False,False,False,False,False,False,False,False,False,False,Night,Day,Day,Day
C-5188599,2,2020-09-22 14:00:00,2020-09-23 00:45:00,31.553333,-86.73840200000002,31.568882,-86.740264,1.07991186622,Construction on AL-55 NB near MM 115 Drive with caution.,,S US Highway 31,R,Mc Kenzie,Butler,AL,36456,US,US/Central,KGZH,2020-09-22 13:53:00,73.0,73.0,64.0,29.85,10.0,ENE,7.0,0.0,Cloudy,False,False,False,False,False,False,False,False,False,False,False,False,False,Day,Day,Day,Day
C-5188600,2,2021-02-16 08:39:00,2021-02-16 11:38:26,36.505071,-93.633894,36.501117,-93.641745,0.51455195017,Roadwork on MO-39 (MO-86) from MO-86/MO-H (MO-86) to MO-86.,36599.0,State Highway 86,R,Golden,Barry,MO,65658-8329,US,US/Central,,,,,,,,,,,,False,False,False,False,False,False,False,False,False,False,False,False,False,Day,Day,Day,Day
C-5188601,2,2021-02-01 15:30:00,2021-02-02 02:15:00,41.992225,-123.718992,41.964356,-123.746889,2.40020827198,Construction on US-199 SB near STATE LINE Expect long delays.,18152.0,US Highway 199,L,Gasquet,Del Norte,CA,95543-9609,US,US/Pacific,KCEC,2021-02-01 15:56:00,49.0,44.0,97.0,29.75,6.0,SSE,13.0,0.06,Light Rain,False,False,False,False,False,False,False,False,False,False,False,False,False,Day,Day,Day,Day
C-5188602,2,2019-10-08 17:58:02,2019-10-12 18:00:40,40.68839000000001,-79.33878,40.72457,-79.38444,3.45954222644,Between PA-210 and Blanket Hill Rd - Roadwork. Lane blocked.,11144.0,US Route 422,R,Shelocta,Indiana,PA,15774-2241,US,US/Eastern,KIDI,2019-10-08 17:55:00,63.0,63.0,45.0,28.75,10.0,E,6.0,0.0,Fair,False,False,False,False,False,False,False,False,False,False,False,True,False,Day,Day,Day,Day
C-5188603,2,2021-12-02 07:37:00,2021-12-02 07:51:00,39.969635,-75.126174,39.966029,-75.136542,0.602911131954,Slow traffic on I-95 S from Allegheny Ave/Exit 25 (I-95) to I-676/US-30/Exit 22 (I-95) due to roadwork.,,I-95 S,R,Philadelphia,Philadelphia,PA,19125,US,US/Eastern,KPNE,2021-12-02 07:54:00,47.0,45.0,83.0,29.74,10.0,SW,5.0,0.0,Cloudy,False,False,False,False,False,False,False,False,False,False,False,False,False,Day,Day,Day,Day
C-5188604,2,2021-12-10 14:51:30,2021-12-10 17:07:30,33.479343,-112.169005,33.481590000000004,-112.168965,0.155270026043,Slow traffic from McDowell Rd (N 51st Ave) to Indian School Rd (N 51st Ave) due to roadwork.,2674.0,N 51st Ave,L,Phoenix,Maricopa,AZ,85035-2020,US,US/Mountain,KGEU,2021-12-10 14:56:00,60.0,60.0,51.0,28.87,10.0,SSW,12.0,0.0,Mostly Cloudy,False,False,False,False,False,False,False,False,False,False,False,False,False,Day,Day,Day,Day
C-5188605,2,2021-12-22 13:57:00,2021-12-22 15:59:41,33.422033,-111.92472,33.422015,-111.927132,0.139100460539,Slow traffic from S McClintock Dr (E University Dr) to S Mill Ave (University Dr) due to roadwork.,933.0,E University Dr,R,Tempe,Maricopa,AZ,85281-4205,US,US/Mountain,KPHX,2021-12-22 13:51:00,69.0,69.0,24.0,28.8,10.0,VAR,3.0,0.0,Partly Cloudy,False,False,False,False,False,False,False,False,False,False,False,False,False,Day,Day,Day,Day
C-5188606,4,2017-05-08 05:00:00,2017-11-04 06:00:00,39.931893,-85.443202,39.93181,-85.439336,0.204906425368,Closed at County Road 275 W - Closed due to roadwork.,2991.0,W State Road 38,L,New Castle,Henry,IN,47362-9708,US,US/Eastern,KAID,2017-05-08 08:59:00,44.6,,49.0,30.15,10.0,Calm,,,Clear,False,False,False,False,False,False,False,False,False,False,False,False,False,Night,Night,Night,Day
C-5188607,2,2021-06-29 13:55:04,2021-06-29 16:06:49,40.141255,-75.311762,40.143763,-75.311026,0.1775931647509999,Slow traffic on US-202 N from Hannah Ave to East Norriton due to roadwork.,9.0,E Germantown Pike,L,Norristown,Montgomery,PA,19401,US,US/Eastern,KLOM,2021-06-29 13:55:00,91.0,91.0,57.0,29.87,10.0,SW,10.0,0.0,Partly Cloudy,False,False,False,False,False,False,False,False,False,False,False,False,False,Day,Day,Day,Day
C-5188608,2,2020-12-07 13:50:30,2020-12-07 20:28:30,30.533297,-87.279397,30.533166,-87.275437,0.235843470323,Slow traffic on US-90 Alt E - FL-10 from CR-297/Pine Forest Rd (US-90 Alt/FL-10) to FL-291/N Davis Hwy (US-90 Alt/FL-10) due to roadwork.,9398.0,Untreiner Ave,R,Pensacola,Escambia,FL,32534-1889,US,US/Central,KPNS,2020-12-07 13:53:00,59.0,59.0,46.0,29.82,10.0,NW,17.0,0.0,Fair,False,False,False,False,False,False,False,False,False,False,False,False,False,Day,Day,Day,Day
C-5188609,1,2019-12-11 04:40:20,2019-12-13 23:59:00,36.130508,-97.041702,,,0.0,Road closed due to paving repairs on Grandview St between Connell Ave and Mcelroy Rd.,798.0,N Grandview St,R,Stillwater,Payne,OK,74075-7811,US,US/Central,KSWO,2019-12-11 04:53:00,27.0,,66.0,29.34,10.0,,,0.0,Fair,False,False,False,False,False,False,False,False,False,False,False,False,False,Night,Night,Night,Night
C-5188610,2,2020-09-01 03:02:00,2020-09-02 03:48:00,41.178753,-73.176906,41.176918,-73.186192,0.499280190996,Road Work on I-95 Southbound between Exits 29 and 27 in effect today until Tuesday September 1 at 8:03 pm. The 2 right lanes are closed. Reported Monday August 31 at 8:02 pm.,119.0,Waterview Ave,L,Bridgeport,Fairfield,CT,06608-2825,US,US/Eastern,KBDR,2020-09-01 02:52:00,70.0,70.0,76.0,30.11,10.0,SSE,8.0,0.0,Fair,False,False,False,False,False,False,False,False,False,False,False,False,False,Night,Night,Night,Night
C-5188611,2,2020-10-20 00:46:30,2020-10-20 00:55:00,40.302388,-76.829081,40.294066,-76.824274,0.628321063484,Slow traffic on I-83 from I-81/US-322 (I-83) to US-22/Jonestown Rd/Exit 50 (I-83) due to roadwork.,,I-83 S,R,Harrisburg,Dauphin,PA,17109,US,US/Eastern,KCXY,2020-10-20 00:56:00,61.0,61.0,78.0,29.85,10.0,E,5.0,0.0,Cloudy,False,False,False,False,True,False,False,False,False,False,False,False,False,Night,Night,Night,Night
C-5188612,2,2021-02-18 05:51:30,2021-02-18 16:52:27,27.446142,-80.39904200000002,27.447982,-80.39902099999998,0.127138412629,Slow traffic on FL-713 - FL-611 from FL-70/Okeechobee Rd (S Kings Hwy/FL-713) to W Angle Rd (N Kings Hwy/FL-713) due to roadwork.,263.0,S Kings Hwy,L,Fort Pierce,St. Lucie,FL,34945,US,US/Eastern,KFPR,2021-02-18 05:53:00,70.0,70.0,90.0,30.03,10.0,SSE,6.0,0.0,Fair,False,False,False,False,False,False,False,False,False,False,False,False,False,Night,Night,Night,Day
C-5188613,2,2021-10-29 16:23:00,2021-10-29 18:28:25,33.509221000000004,-112.049618,33.508519,-112.047532,0.1295938177009999,Slow traffic from N 15th St to E Pierson St due to roadwork.,1513.0,E Camelback Rd,R,Phoenix,Maricopa,AZ,85014-3404,US,US/Mountain,KPHX,2021-10-29 16:51:00,91.0,91.0,11.0,28.64,10.0,CALM,0.0,0.0,Fair,True,False,False,False,False,False,False,False,True,True,False,False,False,Day,Day,Day,Day
C-5188614,2,2021-10-26 00:00:00,2021-10-30 05:00:00,40.630713,-74.01674799999998,40.644703,-74.017658,0.967793762523,NYSDOT - Region 11: construction on I-278 eastbound from 6th Avenue (New York) to Clinton Street; Huntington Street (New York) Subject to change without notice. Monday October 25th 2021 thru Saturday October 30th 2021 Tuesday/Wednesday/Thursday/Friday/S,,Brooklyn Queens Expy,R,Brooklyn,Kings,NY,11220,US,US/Eastern,KJRB,2021-10-26 00:19:00,63.0,63.0,93.0,29.62,10.0,ENE,9.0,0.0,Light Rain,False,False,False,False,False,False,False,False,False,False,False,True,False,Night,Night,Night,Night
C-5188615,2,2021-07-23 09:19:00,2021-07-23 09:39:00,42.151813,-87.96928,42.153217,-87.961826,0.393947962644,Slow traffic from N Arlington Heights Rd (W Lake Cook Rd) to Buffalo Grove Rd (Buffalo Grove) (West) (W Lake Cook Rd) due to roadwork.,493.0,W Lake Cook Rd,L,Buffalo Grove,Cook,IL,60089,US,US/Central,KPWK,2021-07-23 08:52:00,81.0,81.0,72.0,29.43,7.0,WSW,8.0,0.0,Fair,False,False,True,False,False,False,False,False,False,False,False,True,False,Day,Day,Day,Day
C-5188616,2,2020-08-27 02:34:00,2020-08-27 03:09:00,36.008201,-80.438375,36.005811,-80.446457,0.480962481766,Queuing traffic on I-40 from Harper Rd/Exit 182 (I-40) to NC-801/Exit 180 (I-40) due to roadwork.,,I-40 W,R,Advance,Davie,NC,27006,US,US/Eastern,KINT,2020-08-27 02:54:00,75.0,75.0,90.0,29.03,10.0,CALM,0.0,0.0,Fair,False,False,False,False,False,False,False,False,False,False,False,False,False,Night,Night,Night,Night
C-5188617,4,2020-12-30 23:12:00,2021-02-08 06:34:31,41.339036,-75.51175500000002,41.338288,-75.51579,0.215607959859,Roadwork on PA 690 both directions between BRYANT LN and FOUNDRY RD WILLOW ST. All lanes closed.,100.0,Willow St,R,Moscow,Lackawanna,PA,18444,US,US/Eastern,KAVP,2020-12-30 22:54:00,36.0,30.0,67.0,28.94,9.0,SSW,7.0,0.0,Light Rain,False,False,False,False,False,False,False,False,False,False,False,False,False,Night,Night,Night,Night
C-5188618,2,2021-08-03 22:35:00,2021-08-04 23:29:08,40.104107,-75.75538399999998,40.095798,-75.735922,1.17795585386,Construction on I-76 EB near MP 305 Construction. Left lane closed.,,I-76 E,R,Glenmoore,Chester,PA,19343,US,US/Eastern,KMQS,2021-08-03 22:35:00,66.0,66.0,78.0,29.42,10.0,CALM,0.0,0.0,Fair,False,False,False,False,False,False,False,False,False,False,False,False,False,Night,Night,Night,Night
C-5188619,2,2021-07-24 10:01:30,2021-07-24 11:06:30,41.223397,-85.316939,41.230556,-85.319291,0.5095163789289999,Stationary traffic on US-33 S - US-33 N from Carroll Rd (Goshen Rd/US-33) to IN-205/W Whitley St (Main St/US-33) due to roadwork.,4131.0,N US Highway 33,L,Churubusco,Whitley,IN,46723,US,US/Eastern,KGWB,2021-07-24 09:55:00,77.0,77.0,83.0,29.07,7.0,SW,6.0,0.0,Fair,False,False,False,False,False,False,False,False,False,False,False,True,False,Day,Day,Day,Day
C-5188620,2,2020-08-31 10:26:30,2020-09-01 06:35:17,40.739301,-74.06773299999998,40.740209,-74.064509,0.180061860753,Slow traffic on US-1 N - US-9 N in US-1 Trk N due to roadwork.,,US-1 S,R,Jersey City,Hudson,NJ,07306,US,US/Eastern,KJRB,2020-08-31 11:51:00,72.0,72.0,59.0,30.0,10.0,CALM,0.0,0.0,Cloudy,False,False,False,False,False,False,False,False,False,False,False,False,False,Day,Day,Day,Day
C-5188621,2,2021-01-29 04:52:00,2021-01-29 14:45:00,37.49745,-77.567448,37.498016,-77.56846800000002,0.0682324517919,Construction on US-60 WB near ARBORETUM PL Drive with caution.,,N Pinetta Dr,R,Richmond,Chesterfield,VA,23235,US,US/Eastern,KFCI,2021-01-29 04:56:00,19.0,19.0,81.0,30.07,10.0,CALM,0.0,0.0,Fair,False,False,False,False,False,False,False,False,False,False,False,True,False,Night,Night,Night,Night
C-5188622,2,2020-12-10 17:01:00,2020-12-11 00:15:00,34.069122,-117.353018,34.068281,-117.400627,2.7255049613700004,Lane closure due to Guardrail Repair between Pepper Ave and Cedar Ave,,I-10 W,R,Colton,San Bernardino,CA,92324,US,US/Pacific,KSBD,2020-12-10 16:49:00,59.0,59.0,59.0,28.76,7.0,W,9.0,0.0,Mostly Cloudy,False,False,False,False,False,False,False,False,False,False,False,False,False,Night,Day,Day,Day
C-5188623,2,2021-02-02 17:42:36,2021-02-04 12:07:44,33.557256,-94.041563,33.547336,-94.043953,0.6990861010349999,Roadwork on AR-32/Rankin St/Martin Luther King Dr (US-71) from AR--TX State Border (US-71) to US-59 S - US-71 S.,,Highway 71 S,R,Ogden,Little River,AR,71853,US,US/Central,KTXK,2021-02-02 17:53:00,50.0,50.0,50.0,29.76,10.0,E,5.0,0.0,Fair,False,False,False,False,False,False,False,False,False,False,False,False,False,Day,Day,Day,Day
C-5188624,2,2020-05-04 08:50:00,2021-05-20 08:03:06,40.158899,-76.152731,40.163067,-76.151348,0.297096409349,Roadwork on US 222 northbound at Exit: US 322 - EPHRATA. There is a hauler restriction.,,US-222 N,R,Ephrata,Lancaster,PA,17522,US,US/Eastern,KLNS,2020-05-04 08:53:00,65.0,65.0,47.0,29.31,10.0,WNW,6.0,0.0,Fair,False,False,False,False,True,False,False,False,False,False,False,False,False,Day,Day,Day,Day
C-5188625,2,2021-08-24 15:45:00,2021-08-24 17:49:34,41.668298,-86.003151,41.667018,-86.001747,0.114336483549,Stationary traffic on IN-19 from Old US 33 / W Franklin St to 20th St due to roadwork.,1955.0,S Nappanee St,R,Elkhart,Elkhart,IN,46517,US,US/Eastern,KEKM,2021-08-24 15:52:00,,,,29.15,10.0,WSW,9.0,0.0,Fair,False,False,False,False,False,False,False,False,False,False,False,False,False,Day,Day,Day,Day
C-5188626,2,2021-06-18 17:13:30,2021-10-30 17:13:45,33.581293,-84.3761,33.58275,-84.377996,0.14847563903,Stationary traffic from Old Dixie Hwy to Lees Mill Rd due to roadwork.,6348.0,Tara Blvd,L,Jonesboro,Clayton,GA,30236-1224,US,US/Eastern,KATL,2021-10-30 15:28:00,56.0,56.0,87.0,28.59,8.0,W,15.0,0.01,Light Rain,False,False,True,False,False,False,False,False,False,False,False,True,False,Day,Day,Day,Day
C-5188627,2,2017-06-08 21:01:16,2017-06-09 03:01:16,40.75035,-74.00848,40.743261,-74.00872,0.4899643358869999,Between 24th St and 14th St - Construction work.,165.0,12th Ave,R,New York,New York,NY,10001-1007,US,US/Eastern,KNYC,2017-06-08 20:51:00,61.0,,42.0,29.85,10.0,ENE,5.8,,Clear,False,False,True,False,False,False,False,False,True,False,False,True,False,Night,Night,Day,Day
C-5188628,2,2021-11-05 12:35:30,2021-11-05 15:19:14,34.563531,-92.60605,34.54937,-92.625536,1.4787824510299998,Slow traffic on US-67 S - AR-88 W - US-70 W - I-30 W from AR-35/Exit 117 (I-30) to US-67/Exit 114 (I-30) due to roadwork.,,AR-88 W,R,Benton,Saline,AR,72015,US,US/Central,KLIT,2021-11-05 12:53:00,55.0,55.0,37.0,30.04,10.0,ENE,5.0,0.0,Fair,True,False,False,False,False,False,False,False,False,False,False,False,False,Day,Day,Day,Day
C-5188629,2,2020-08-30 05:38:30,2020-08-30 05:50:00,47.63866,-122.322624,47.64408,-122.322484,0.3745430430449999,Queuing traffic on I-5 from Lakeview Blvd/Exit 168 (I-5) to WA-520/Exit 168 (I-5) due to roadwork.,,I-5 N,R,Seattle,King,WA,98102,US,US/Pacific,KBFI,2020-08-30 05:53:00,52.0,52.0,80.0,30.15,10.0,SE,5.0,0.0,Fair,False,True,False,False,True,False,False,False,False,False,True,False,False,Night,Night,Day,Day
C-5188630,2,2021-05-22 08:18:00,2021-05-22 13:35:00,33.612082,-112.117173,33.610749,-112.116152,0.10924408364,Slow traffic from W Acoma Dr to I-17 N due to roadwork.,13899.0,N Black Canyon Hwy,R,Phoenix,Maricopa,AZ,85053,US,US/Mountain,KDVT,2021-05-22 07:53:00,62.0,62.0,22.0,28.27,10.0,CALM,0.0,0.0,Fair,False,False,False,False,False,False,False,False,False,False,False,False,False,Day,Day,Day,Day
C-5188631,2,2021-03-16 09:00:00,2021-03-16 13:45:00,40.281718,-74.007215,40.282097,-74.00946400000002,0.121401455809,Construction on NJ-71 NB near CEDAR AVE Expect delays.,465.0,Cedar Ave,R,West Long Branch,Monmouth,NJ,07764-1878,US,US/Eastern,KBLM,2021-03-16 08:56:00,33.0,28.0,43.0,30.16,10.0,E,6.0,0.0,Fair,False,False,False,False,False,False,False,False,False,False,False,False,False,Day,Day,Day,Day
C-5188632,2,2021-09-15 18:46:33,2021-09-15 20:50:53,25.928134,-80.200787,25.928253,-80.204391,0.224098632283,Slow traffic on FL-826 from NE 167th St / N Miami Ave to NW 2nd Ave due to roadwork.,31.0,NW 167th St,R,Miami,Miami-Dade,FL,33169-6017,US,US/Eastern,KHWO,2021-09-15 18:48:00,81.0,81.0,79.0,29.91,2.0,SE,20.0,0.23,Heavy Rain,False,False,False,False,False,False,False,False,False,False,False,False,False,Day,Day,Day,Day
C-5188633,2,2016-06-21 08:10:21,2016-06-21 15:00:00,41.13458,-74.16811,41.306953,-74.127978,12.091084578,Between RT-17/RT-59/Exit 15A and End of Freeway - Construction work.,,New York Trwy N,R,Hillburn,Rockland,NY,10931,US,US/Eastern,KCDW,2016-06-21 07:53:00,68.0,,81.0,29.82,10.0,Calm,,0.01,Clear,False,False,False,False,True,False,False,False,False,False,False,False,False,Day,Day,Day,Day
C-5188634,4,2017-11-17 10:01:38,2017-11-17 18:01:38,38.89205,-77.00350999999998,38.88982,-77.0035,0.154079264112,Closed between Constitution Ave and 2nd St SE - Closed. Construction work.,,2nd St NE,R,Washington,District of Columbia,DC,20002,US,US/Eastern,KDCA,2017-11-17 09:52:00,48.0,,50.0,30.23,10.0,NNW,16.1,,Scattered Clouds,False,False,True,False,False,False,False,False,True,False,False,True,False,Day,Day,Day,Day
C-5188635,2,2021-05-29 12:02:30,2021-05-29 17:58:30,41.961207,-87.742822,41.970636,-87.747251,0.690073035862,Slow traffic on I-94 W - Edens Expy N from I-90/Kennedy Expy (I-94) to Elston Ave (I-94) due to roadwork.,,I-90 W,R,Chicago,Cook,IL,60630,US,US/Central,KORD,2021-05-29 11:51:00,57.0,57.0,29.0,29.5,10.0,NE,20.0,0.0,Fair,False,False,False,False,True,False,False,False,False,False,False,False,False,Day,Day,Day,Day
C-5188636,2,2019-09-30 20:03:42,2019-10-05 20:00:48,42.423939,-71.251329,42.42211,-71.245,0.346657121379,Between I-95/Exit 52 and Waltham St/Exit 54 - Construction work. Lane blocked.,,Concord Tpke E,R,Lexington,Middlesex,MA,02421,US,US/Eastern,KBED,2019-10-01 19:51:00,70.0,70.0,76.0,29.7,10.0,SW,9.0,0.0,Fair,False,False,False,False,False,False,False,False,False,False,False,False,False,Night,Night,Night,Night
C-5188637,4,2020-02-07 22:36:03,2020-02-08 03:34:28,33.48032,-112.03019,33.473009999999995,-112.03024,0.505081116927,Closed at E McDowell Rd - Closed due to roadwork.,2398.0,E Thomas Rd,L,Phoenix,Maricopa,AZ,85016-7828,US,US/Mountain,KPHX,2020-02-07 22:51:00,53.0,53.0,37.0,28.83,10.0,ESE,6.0,0.0,Fair,False,False,True,False,False,False,False,False,False,False,False,True,False,Night,Night,Night,Night
C-5188638,2,2021-12-30 12:52:39,2021-12-30 13:31:11,26.612997,-81.801611,26.612823,-81.81120899999998,0.59302106264,Slow traffic on FL-884 from FL-82/Lee Blvd (Colonial Blvd) to Ben C Pratt-6 Mile Cypress Pkwy (Colonial Blvd) due to roadwork.,,Colonial Blvd,R,Fort Myers,Lee,FL,33905,US,US/Eastern,KFMY,2021-12-30 12:53:00,82.0,82.0,60.0,30.06,10.0,S,9.0,0.0,Fair,False,False,True,False,False,False,False,False,False,False,False,True,False,Day,Day,Day,Day
C-5188639,2,2020-10-01 00:37:33,2020-10-03 06:59:00,43.009039,-76.13211,43.007699,-76.13242,0.0939006719455,Bridge work on I-81 northbound ramp from E. Brighton Ave (Syracuse) Not currently scheduled,800.0,E Brighton Ave,R,Syracuse,Onondaga,NY,13205-2538,US,US/Eastern,KSYR,2020-10-01 00:54:00,57.0,57.0,72.0,29.26,10.0,SSW,8.0,0.0,Mostly Cloudy,False,False,False,False,False,False,False,False,False,False,False,False,False,Night,Night,Night,Night
C-5188641,2,2019-08-12 09:02:29,2019-08-20 21:02:08,33.725454,-84.181522,33.727359,-84.186483,0.314001715672,At S Hairston Rd - Construction work.,2201.0,Miller Rd,R,Decatur,DeKalb,GA,30035-3708,US,US/Eastern,KPDK,2019-08-12 20:53:00,84.0,84.0,61.0,28.86,10.0,CALM,0.0,0.0,Fair,False,False,False,False,False,False,False,False,False,False,False,True,False,Day,Day,Day,Day
C-5188642,3,2021-09-24 19:30:00,2021-09-25 06:30:00,43.002701,-87.892967,,,1.67999994755,Entry ramp to Wi-794 Southbound from S Carferry Dr Westbound closed due to construction work.,,I-794 E,R,Milwaukee,Milwaukee,WI,53207,US,US/Central,KMKE,2021-09-24 19:52:00,69.0,69.0,63.0,29.03,10.0,WSW,12.0,0.0,Light Rain,False,False,False,False,False,False,False,False,False,False,False,False,False,Night,Night,Day,Day
C-5188643,2,2021-11-29 15:14:54,2021-11-29 17:37:13,25.850147,-80.18472299999998,25.847858,-80.184045,0.16367734586,Slow traffic on US-1 N - FL-934 - US-1 S - FL-5 from NE 82nd St to NE 7th Ave due to roadwork.,8199.0,Biscayne Blvd,L,Miami,Miami-Dade,FL,33138-4622,US,US/Eastern,KOPF,2021-11-29 14:53:00,73.0,73.0,42.0,29.99,10.0,NNW,8.0,0.0,Fair,False,False,True,False,False,False,False,False,True,False,False,True,False,Day,Day,Day,Day
C-5188644,2,2017-01-24 09:02:46,2017-01-24 15:02:46,29.78935,-95.04744,29.78935,-95.04744,0.0,At Exit 788 - Construction work.,,TX-330 Spur E,R,Baytown,Harris,TX,77520,US,US/Central,KEFD,2017-01-24 08:50:00,64.4,,73.0,29.84,10.0,SSE,9.2,,Scattered Clouds,False,False,False,False,True,False,False,False,False,False,False,False,False,Day,Day,Day,Day
C-5188645,4,2020-01-17 00:03:08,2020-01-17 05:00:58,33.40429,-84.44357,33.399,-84.4398,0.4253018677719999,Closed at Cedar Cove Trl - Closed due to roadwork.,101.0,Seay Rd,R,Fayetteville,Fayette,GA,30215-2606,US,US/Eastern,KFFC,2020-01-17 00:53:00,53.0,53.0,40.0,29.57,10.0,N,5.0,0.0,Fair,False,False,False,False,False,False,False,False,False,False,False,False,False,Night,Night,Night,Night
C-5188646,2,2021-06-22 09:25:21,2021-12-27 20:15:04,40.732187,-74.12942199999998,40.734497,-74.101262,1.4829551253600002,Bridge work on Pulaski Skyway northbound area of South Kearny (South Kearny) Not currently Scheduled,,Pulaski Skwy N,R,Newark,Essex,NJ,07105,US,US/Eastern,KEWR,2021-06-22 09:02:00,78.0,78.0,71.0,29.66,10.0,WNW,6.0,0.0,Cloudy,False,False,False,False,True,False,False,False,False,False,False,False,False,Day,Day,Day,Day
C-5188647,2,2021-12-01 13:19:30,2021-12-01 15:21:25,26.243959000000004,-80.152365,26.244446000000003,-80.15146999999997,0.0648728841691,Slow traffic on FL-845 from NW 24th Ave to NW 15th St due to roadwork.,2136.0,Dr M L King Jr Blvd,L,Pompano Beach,Broward,FL,33069,US,US/Eastern,KFXE,2021-12-01 12:53:00,79.0,79.0,45.0,30.14,10.0,E,8.0,0.0,Fair,False,False,False,False,False,False,False,False,False,False,False,False,False,Day,Day,Day,Day
C-5188648,2,2021-02-03 19:05:17,2021-02-04 23:51:30,35.88149600000001,-80.682727,35.894208,-80.65155,1.95375490963,Roadwork on US-64/Exit 162 (I-40) from US-64/Exit 168 (I-40) to I-40 E.,,I-40 E,R,Mocksville,Davie,NC,27028,US,US/Eastern,KEXX,2021-02-03 18:55:00,41.0,41.0,26.0,29.16,10.0,CALM,0.0,0.0,Fair,False,False,False,False,False,False,False,False,False,False,False,False,False,Night,Night,Night,Day
C-5188649,2,2021-08-26 08:05:00,2021-08-26 10:17:21,45.224372,-93.398108,45.22492,-93.396255,0.097801878177,Stationary traffic on County Hwy-116 from Sunfish Lake Blvd (CR-116) to 7th Ave (CR-116) due to roadwork.,460.0,Bunker Lake Blvd NW,L,Anoka,Anoka,MN,55303-5011,US,US/Central,KANE,2021-08-26 07:45:00,61.0,61.0,82.0,29.2,10.0,CALM,0.0,0.0,Partly Cloudy,False,False,True,False,False,False,False,False,False,True,False,False,False,Day,Day,Day,Day
C-5188650,4,2021-01-14 14:49:00,2021-01-14 17:27:25,46.722782,-120.404952,46.842022,-120.37346200000002,8.372331845960003,Closure on I-82 westbound at milepost 26 five miles west of Yakima due to a blocking collision involving a vehicle fire near milepost 18. Estimated time to open the roadway is unknown alternate route is State Route 821.,,I-82 W,R,Yakima,Yakima,WA,98901,US,US/Pacific,K1YT,2021-01-14 14:53:00,49.0,49.0,48.0,29.33,10.0,VAR,3.0,0.0,Fair,False,False,False,False,True,False,False,False,False,False,False,False,False,Day,Day,Day,Day
C-5188651,3,2019-05-16 19:00:00,2019-05-17 07:00:00,42.633121,-73.778091,,,11.2100000381,Right lane closed due to construction work on I-87 Northbound between Exit 22 and Exit 23 I-787.,9.0,Noonan Ln,L,Albany,Albany,NY,12209-2040,US,US/Eastern,KALB,2019-05-16 18:51:00,65.0,65.0,28.0,29.53,10.0,W,14.0,0.0,Fair,False,False,False,False,False,False,False,False,False,False,False,False,False,Day,Day,Day,Day
C-5188652,2,2021-04-22 08:06:47,2021-04-23 08:53:36,38.218635,-76.40739,38.217595,-76.42215,0.804447995353,Construction on MD-489 WB near MP 1 Expect long delays.,20099.0,Three Notch Rd,L,Lexington Park,St. Mary's,MD,20653,US,US/Eastern,KNHK,2021-04-22 07:52:00,43.0,37.0,56.0,29.99,10.0,W,10.0,0.0,Fair,False,False,False,False,False,False,False,False,False,False,False,False,False,Day,Day,Day,Day
C-5188653,4,2016-04-10 00:01:00,2016-04-10 05:00:00,40.76673,-73.96718,40.77299,-73.98206,0.890695535165,Closed between 5th Ave and Central Park W - Closed due to roadwork.,610.0,Park Ave,L,New York,New York,NY,10065-7025,US,US/Eastern,KNYC,2016-04-10 00:51:00,36.0,30.3,39.0,30.05,10.0,Variable,6.9,,Clear,True,False,True,False,False,False,False,False,False,False,False,True,False,Night,Night,Night,Night
C-5188654,2,2020-09-02 03:29:37,2020-09-03 04:16:34,38.99850900000001,-76.931459,38.990865,-76.933973,0.545131004405,Construction on US-1 SB near METZEROTT RD Expect long delays.,4399.0,Metzerott Rd,R,College Park,Prince George's,MD,20740,US,US/Eastern,KCGS,2020-09-02 03:35:00,72.0,72.0,87.0,29.91,10.0,CALM,0.0,0.0,Cloudy,False,False,True,False,False,False,False,False,False,False,True,True,False,Night,Night,Night,Night
C-5188655,2,2021-11-02 14:22:00,2021-11-02 16:41:55,25.770019,-80.314421,25.771471,-80.312124,0.174618792995,Stationary traffic on FL-969 - FL-968 from Grand Canal Dr to NW 2nd St due to roadwork.,,W Flagler St,R,Miami,Miami-Dade,FL,33144,US,US/Eastern,KMIA,2021-11-02 13:53:00,73.0,73.0,93.0,30.07,4.0,S,7.0,0.04,Rain,False,False,False,False,False,False,False,False,False,False,False,False,False,Day,Day,Day,Day
C-5188656,2,2021-06-22 17:41:18,2021-06-22 19:43:21,25.84373900000001,-80.120703,25.845316,-80.12031,0.111667176429,Slow traffic on FL-A1A from FL-A1A/Indian Creek Dr (Miami Beach) (North) (FL-A1A) to FL-934/71st St (FL-A1A) due to roadwork.,6076.0,Collins Ave,L,Miami Beach,Miami-Dade,FL,33140,US,US/Eastern,KMIA,2021-06-22 17:53:00,90.0,90.0,63.0,30.0,10.0,SE,15.0,0.0,Partly Cloudy,False,False,False,False,False,False,False,False,False,False,False,False,False,Day,Day,Day,Day
C-5188657,2,2016-04-21 08:14:39,2016-04-21 16:00:00,33.854102000000005,-116.553402,33.84487,-116.54589,0.769862392046,Between W San Rafael Rd and N Indian Canyon Dr - Construction work.,,N Palm Canyon Dr,R,Palm Springs,Riverside,CA,92262,US,US/Pacific,KPSP,2016-04-21 07:53:00,72.0,,27.0,29.83,10.0,WSW,3.5,,Scattered Clouds,False,False,False,False,False,False,False,False,False,False,False,True,False,Day,Day,Day,Day
C-5188658,2,2021-05-24 06:50:00,2021-05-24 15:50:00,44.227384,-69.38813499999999,44.229964,-69.42659499999999,1.91246872462,Washington Route 126 reduced to one lane near the Jct of the Hopkins road due to Road Maintenance use caution and expect delays,714.0,Waldoboro Rd,R,Washington,Knox,ME,04574-3009,US,US/Eastern,KRKD,2021-05-24 06:56:00,52.0,52.0,61.0,30.21,10.0,NE,10.0,0.0,Fair,False,False,False,False,False,False,False,False,False,False,False,False,False,Day,Day,Day,Day
C-5188659,2,2020-11-11 13:41:00,2020-11-12 00:26:00,40.086027,-76.203684,40.087369,-76.189014,0.781000015686,Stationary traffic on PA-23 - PA-772 from Quarry Rd (W Main St/PA-23) to Railroad Ave (E Main St/PA-23) due to roadwork.,232.0,W Main St,L,Leola,Lancaster,PA,17540-1752,US,US/Eastern,KLNS,2020-11-11 13:50:00,68.0,68.0,88.0,29.5,10.0,S,10.0,0.02,Light Rain,False,False,True,False,False,False,False,False,False,True,False,False,False,Day,Day,Day,Day
C-5188660,2,2021-10-11 21:00:00,2021-10-15 05:00:00,32.768995000000004,-96.822913,32.787124,-96.765904,3.54073059887,Roadwork on Sylvan Ave (I-30) from Carroll Ave/Exit 48 (I-30) to I-30 E - R L Thornton Fwy E - US-67 N.,,N Beckley Ave,R,Dallas,Dallas,TX,75208,US,US/Central,KRBD,2021-10-11 20:53:00,68.0,68.0,52.0,29.11,10.0,SE,5.0,0.0,Fair,False,False,False,False,False,False,False,False,False,False,False,False,False,Night,Night,Night,Night
C-5188661,2,2021-08-31 09:01:00,2021-08-31 16:46:00,34.407093,-119.510733,34.407314,-119.511944,0.0707016660873999,Construction on CA-192 WB near CA-150 Expect delays.,5233.0,Foothill Rd,R,Carpinteria,Santa Barbara,CA,93013-3099,US,US/Pacific,KSBA,2021-08-31 09:08:00,64.0,64.0,87.0,29.81,6.0,ESE,7.0,0.0,Cloudy,False,False,False,False,False,False,False,False,False,False,False,False,False,Day,Day,Day,Day
C-5188662,2,2016-05-18 12:02:27,2016-05-18 14:00:00,37.78847,-122.3881,37.80937,-122.36581,1.88843977656,Between Fremont St/Harrison St and Hillcrest Rd - Bridge maintenance work.,,San Francisco-Oakland Bay Brg E,R,San Francisco,San Francisco,CA,94105,US,US/Pacific,KOAK,2016-05-18 11:53:00,73.9,,48.0,29.98,10.0,West,11.5,,Partly Cloudy,False,False,False,False,False,False,True,False,False,False,False,False,False,Day,Day,Day,Day
C-5188663,2,2021-11-18 15:00:30,2021-11-18 17:25:28,33.480292,-112.031202,33.480715999999994,-112.030188,0.0653680020518,Stationary traffic from Piestewa Fwy N to E Pinchot Ave due to roadwork.,2347.0,E Thomas Rd,R,Phoenix,Maricopa,AZ,85016-7827,US,US/Mountain,KPHX,2021-11-18 14:51:00,83.0,83.0,12.0,28.84,10.0,ESE,6.0,0.0,Mostly Cloudy,False,False,False,False,False,False,False,False,True,False,False,False,False,Day,Day,Day,Day
C-5188664,2,2021-07-05 07:38:00,2021-07-05 12:40:12,36.06955,-90.753332,36.069602,-90.761483,0.455234428773,Roadwork from US Highway 412 / Highway 228 to County Road 208.,17538.0,Highway 412,R,Bono,Greene,AR,72416,US,US/Central,KJBR,2021-07-05 07:53:00,74.0,74.0,85.0,29.76,,ENE,3.0,0.0,Fair,False,False,False,False,False,False,False,False,False,False,False,False,False,Day,Day,Day,Day
C-5188665,2,2019-10-23 10:02:35,2019-10-28 10:01:19,47.65433,-122.13706,47.65454,-122.13871,0.0781519789975,At at WA-520 - Construction work. Lane blocked.,,NE 51st St,R,Redmond,King,WA,98052,US,US/Pacific,KBFI,2019-10-23 09:53:00,47.0,47.0,97.0,30.51,1.0,N,3.0,0.0,Fog,False,False,True,False,False,False,False,False,False,False,False,True,False,Day,Day,Day,Day
C-5188666,2,2021-10-07 09:04:00,2021-10-07 09:17:30,32.872370000000004,-83.66107099999998,32.86116,-83.646311,1.15483312285,Stationary traffic on I-75 S - GA-401 S from GA-247/Pierce Ave/Exit 167 (I-75) to I-16/Exit 165 (I-75) due to roadwork.,,GA-401 S,R,Macon,Bibb,GA,31204,US,US/Eastern,KMCN,2021-10-07 08:53:00,73.0,73.0,96.0,29.75,0.25,E,3.0,0.0,Fog,False,False,False,False,False,False,False,False,False,False,False,False,False,Day,Day,Day,Day
C-5188667,2,2021-09-28 11:18:30,2021-09-28 13:33:34,25.74753,-80.337365,25.748224,-80.335628,0.1182572564,Stationary traffic on County Hwy-913 - FL-973 - FL-972 from SW 88th Ave to SW 21st St / SW 21st Ter due to roadwork.,8786.0,SW 24th St,L,Miami,Miami-Dade,FL,33165-2006,US,US/Eastern,KMIA,2021-09-28 10:53:00,86.0,86.0,57.0,30.03,10.0,ENE,10.0,0.0,Mostly Cloudy,False,False,True,False,False,False,False,False,True,False,False,False,False,Day,Day,Day,Day
C-5188668,2,2021-01-03 01:35:00,2021-01-03 02:05:30,43.624833,-116.354379,43.626644,-116.35437,0.125128992428,Stationary traffic on ID-55 from E Fairview Ave (ID-55) to E Ustick Rd (ID-55) due to roadwork.,2198.0,N Eagle Rd,L,Meridian,Ada,ID,83646-6287,US,US/Mountain,KMAN,2021-01-03 01:35:00,37.0,,100.0,27.39,9.0,,,0.0,,False,False,True,False,False,False,False,False,False,False,False,True,False,Night,Night,Night,Night
C-5188669,2,2021-05-26 11:48:30,2021-05-26 13:54:36,33.58208,-111.927778,33.582075,-111.924731,0.175389725857,Slow traffic from 64th St (E Shea Blvd) to 74th St (E Shea Blvd) due to roadwork.,7101.0,E Shea Blvd,R,Scottsdale,Maricopa,AZ,85254-5251,US,US/Mountain,KSDL,2021-05-26 11:53:00,90.0,90.0,9.0,28.33,10.0,VAR,7.0,0.0,Fair,False,False,True,False,False,False,False,False,True,False,False,True,False,Day,Day,Day,Day
C-5188670,2,2017-05-18 15:48:57,2017-05-18 21:48:57,33.300926000000004,-83.96112,33.299401,-83.961686,0.110320719261,At Henderson St - Water main work.,660.0,Covington St,R,Jackson,Butts,GA,30233-1719,US,US/Eastern,K6A2,2017-05-18 15:55:00,89.6,,55.0,30.09,10.0,SSW,8.1,,Scattered Clouds,False,False,False,False,False,False,False,False,False,False,False,False,False,Day,Day,Day,Day
C-5188671,2,2021-11-01 15:52:00,2021-11-01 18:03:29,40.125514,-74.972093,40.121569,-74.97761700000002,0.3993390013449999,Slow traffic on US-1 S from PA-132/Street Rd (Roosevelt Blvd/US-1) to Byberry Rd (Roosevelt Blvd/US-1) due to roadwork.,3012.0,Lincoln Hwy,L,Feasterville Trevose,Bucks,PA,19053,US,US/Eastern,KPNE,2021-11-01 15:54:00,59.0,59.0,41.0,29.99,10.0,W,10.0,0.0,Fair,False,False,False,False,False,False,False,False,False,False,False,False,False,Day,Day,Day,Day
C-5188672,2,2021-10-19 22:08:30,2021-10-19 22:28:30,40.754717,-73.99164499999998,40.756571,-73.990264,0.147083952519,Slow traffic from 34th St (8th Ave) to W 42nd St (8th Ave) due to roadwork.,558.0,8th Ave,R,New York,New York,NY,10018-4306,US,US/Eastern,KNYC,2021-10-19 21:51:00,62.0,62.0,50.0,29.84,10.0,WSW,8.0,0.0,Fair,True,False,True,False,False,False,False,False,True,False,False,True,False,Night,Night,Night,Night
C-5188673,2,2019-03-13 08:42:46,2019-03-17 08:45:00,40.58318,-79.14068,40.607336,-79.044854,5.29725297447,Between US-119 and Harmony Rd - Roadwork. Open.,,Benjamin Franklin Hwy E,R,Indiana,Indiana,PA,15701,US,US/Eastern,KIDI,2019-03-13 08:35:00,35.6,29.9,52.0,30.22,10.0,ESE,6.9,,Clear,False,False,False,False,False,False,False,False,False,False,False,False,False,Day,Day,Day,Day
C-5188674,2,2020-09-28 17:09:00,2020-09-29 18:01:57,40.009208,-75.592649,40.00954,-75.594053,0.0777619784013999,Construction on BOOT RD near SHIP RD Allow extra time.,959.0,E Boot Rd,R,West Chester,Chester,PA,19380-4023,US,US/Eastern,KOQN,2020-09-28 17:15:00,77.0,77.0,69.0,29.17,10.0,SE,8.0,0.0,Fair,False,False,False,False,False,False,False,False,False,False,False,False,False,Day,Day,Day,Day
C-5188675,3,2016-08-31 19:01:49,2016-09-01 01:01:49,41.991623,-88.023673,41.97227,-88.02485,1.33853073509,Between Devon and Irving Park Rd - Roadwork.,,I-290 E,R,Itasca,DuPage,IL,60143,US,US/Central,KORD,2016-08-31 18:51:00,72.0,,53.0,30.07,10.0,NNE,10.4,,Scattered Clouds,False,False,False,False,False,False,False,False,False,False,False,False,False,Day,Day,Day,Day
C-5188676,2,2021-03-27 02:19:30,2021-08-13 16:45:00,31.210666,-105.468245,31.192776,-105.433695,2.38686552476,Slow traffic on I-10 E from Lasca Branch Rd/Exit 99 (I-10) to I-10 Bus Loop/Exit 106 (WB)/Exit 105 (EB) (I-10) due to roadwork.,,I-10 E,R,Sierra Blanca,Hudspeth,TX,79851,US,US/Mountain,KGDP,2021-07-04 14:51:00,86.0,86.0,38.0,24.66,10.0,VAR,5.0,0.0,Mostly Cloudy,False,False,False,False,False,False,False,False,False,False,False,False,False,Night,Night,Night,Night
C-5188677,2,2021-09-27 18:17:30,2021-09-27 18:39:30,33.633514,-111.903583,33.629639000000005,-111.890989,0.772398735541,Slow traffic from Greenway Hayden Loop (E Frank Lloyd Wright Blvd) to AZ-101/Pima Rd (E Frank Lloyd Wright Blvd) due to roadwork.,,N 82nd St,R,Scottsdale,Maricopa,AZ,85260,US,US/Mountain,KSDL,2021-09-27 17:53:00,83.0,83.0,44.0,28.25,10.0,CALM,0.0,0.0,Fair,False,False,True,True,False,False,False,False,False,False,False,True,False,Night,Day,Day,Day
C-5188678,2,2021-03-12 04:28:30,2021-03-12 21:22:28,33.467046999999994,-112.151783,33.464872,-112.151828,0.1503005693,Slow traffic from W Thomas Rd (N 43rd Ave) to I-10/Papago Fwy (N 43rd Ave) due to roadwork.,1717.0,N 43rd Ave,R,Phoenix,Maricopa,AZ,85009,US,US/Mountain,KPHX,2021-03-12 04:51:00,48.0,46.0,89.0,28.81,9.0,SSW,5.0,0.06,Light Rain,False,False,False,False,False,False,False,False,False,False,False,False,False,Night,Night,Night,Night
C-5188679,2,2021-12-16 18:09:00,2021-12-16 18:58:30,41.10034,-81.386533,41.103463,-81.37340400000002,0.71680708858,Slow traffic on County Hwy-81 - County Hwy-18 from Cascades Blvd / Maplecrest Pkwy to I-76 E due to roadwork.,,Maplecrest Pkwy,R,Kent,Portage,OH,44240,US,US/Eastern,KPOV,2021-12-16 18:15:00,56.0,56.0,85.0,28.6,10.0,W,14.0,0.0,Cloudy,False,False,False,False,False,False,False,False,False,False,False,True,False,Night,Night,Night,Day
C-5188680,2,2021-07-26 03:31:40,2021-07-28 03:13:46,41.737575,-81.228569,41.738456,-81.22804000000002,0.066702141193,Roadwork on OH-86/N State St (E Erie St/US-20) from Mantle Rd (N Ridge Rd/Casement Ave/US-20) to US-20 W - US-20 E.,465.0,Casement Ave,L,Painesville,Lake,OH,44077-3816,US,US/Eastern,KCGF,2021-07-26 03:35:00,65.0,65.0,93.0,29.02,10.0,CALM,0.0,0.0,Fair,False,False,False,False,False,False,False,False,False,False,False,False,False,Night,Night,Night,Night
C-5188681,2,2021-11-19 16:56:00,2021-11-19 18:57:33,33.496187,-112.047619,33.494772999999995,-112.048697,0.115771247709,Slow traffic from E Glenrosa Ave to N 14th St due to roadwork.,4126.0,N 16th St,L,Phoenix,Maricopa,AZ,85014,US,US/Mountain,KPHX,2021-11-19 16:51:00,79.0,79.0,14.0,28.77,10.0,CALM,0.0,0.0,Mostly Cloudy,True,False,False,False,False,False,False,False,True,False,False,False,False,Day,Day,Day,Day
C-5188682,2,2020-06-16 18:25:02,2020-06-19 23:06:54,40.8349,-80.37358,40.90516,-80.49922,8.16445314095,Between PA-18/Exit 13 and Houston Rd - Roadwork. Right lane closed.,,Pennsylvania Tpke W,R,New Galilee,Beaver,PA,16141,US,US/Eastern,KBVI,2020-06-16 18:35:00,77.0,77.0,34.0,28.85,10.0,ENE,3.0,,Fair,False,False,False,False,False,False,False,False,False,False,False,False,False,Day,Day,Day,Day
C-5188683,2,2019-09-05 09:02:28,2019-09-09 09:02:11,38.89714,-77.06826,38.899,-77.07075,0.185589755281,At US-29/Lee Hwy/Exit 73 - Construction work.,,Custis Memorial Pkwy W,R,Arlington,Arlington,VA,22209,US,US/Eastern,KDCA,2019-09-05 08:52:00,73.0,73.0,66.0,30.05,10.0,NE,14.0,0.0,Cloudy,False,False,True,False,False,False,False,False,False,False,False,True,False,Day,Day,Day,Day
C-5188684,4,2021-11-10 00:00:00,2021-11-11 00:44:00,37.865382,-94.357925,37.871774,-94.357745,0.441754251255,Construction on MO-W NB near ASH ST Road closed. Take alternate route.,2122.0,N Ash St,R,Nevada,Vernon,MO,64772,US,US/Central,KFSK,2021-11-10 00:15:00,62.0,62.0,88.0,29.0,10.0,SSE,5.0,0.0,Cloudy,False,False,False,False,False,False,False,False,False,False,False,False,False,Night,Night,Night,Night
C-5188685,2,2021-07-05 12:14:59,2021-07-05 18:02:24,45.289324,-93.764694,45.264544,-93.716474,2.9030701606200005,Stationary traffic on I-94 E - US-52 E from CR-75/Exit 195 (I-94) to I-94 (MnROAD Mainline) (East) (I-94) due to roadwork.,,I-94 E,R,Monticello,Wright,MN,55362,US,US/Central,KMGG,2021-07-05 12:18:00,90.0,90.0,46.0,28.84,10.0,W,8.0,0.0,Fair,False,False,False,False,False,False,False,False,False,False,False,False,False,Day,Day,Day,Day
C-5188686,2,2020-10-14 14:23:30,2020-10-14 15:09:30,34.57966,-92.985042,34.577936,-92.982028,0.208775878842,Stationary traffic on AR-7 from W Glazypeau Rd (AR-7) to AR-5/Park Ave (AR-7) due to construction work.,193.0,N Highway 7,L,Hot Springs National Park,Garland,AR,71901-8450,US,US/Central,KHOT,2020-10-14 14:53:00,78.0,78.0,33.0,29.33,10.0,S,8.0,0.0,Fair,False,False,False,False,False,False,False,False,False,False,False,False,False,Day,Day,Day,Day
C-5188687,2,2019-10-07 00:00:00,2021-12-31 14:12:30,30.235502,-93.161807,30.235339,-93.154341,0.4458192034089999,Stationary traffic on US-90 E - US-90 W from I-210 (US-90) to LA-397 (US-90) due to roadwork.,3922.0,Highway 90 E,R,Lake Charles,Calcasieu,LA,70615-3940,US,US/Central,KCWF,2021-06-14 16:48:00,91.0,91.0,49.0,29.88,10.0,ENE,6.0,0.0,Partly Cloudy,False,False,False,False,False,False,False,False,False,False,False,False,False,Night,Night,Night,Night
C-5188688,2,2020-09-16 12:42:30,2020-09-17 04:56:32,40.785198,-73.953399,40.787192,-73.951964,0.156897574244,Slow traffic from E 79th St (Park Ave) to E 97th St (Park Ave) due to roadwork.,1197.0,Park Ave,R,New York,New York,NY,10128-1741,US,US/Eastern,KNYC,2020-09-16 12:51:00,69.0,69.0,57.0,30.12,10.0,WSW,9.0,0.0,Partly Cloudy,True,False,True,False,False,False,False,False,False,False,False,True,False,Day,Day,Day,Day
C-5188689,2,2020-11-24 14:00:00,2020-11-25 00:06:03,33.712297,-112.20186,33.711438,-112.20314,0.0945237980941999,Stationary traffic from 66th Ave to W West Wind Dr due to roadwork.,,W Happy Valley Rd,R,Phoenix,Maricopa,AZ,85083,US,US/Mountain,KDVT,2020-11-24 13:53:00,67.0,67.0,19.0,28.36,10.0,WSW,7.0,0.0,Fair,False,False,False,False,False,False,False,False,False,True,False,False,False,Day,Day,Day,Day
C-5188690,3,2016-07-12 13:00:00,2016-07-13 16:00:00,42.040722,-87.983765,,,0.0,Right lane closed due to maintenance work on Arlington Heights Rd Southbound at I-90.,,S Arlington Heights Rd,R,Arlington Heights,Cook,IL,60005,US,US/Central,KPWK,2016-07-12 12:52:00,90.0,,46.0,29.78,10.0,SSW,15.0,,Clear,False,False,False,False,False,False,False,False,False,False,False,False,False,Day,Day,Day,Day
C-5188691,2,2021-10-10 01:11:30,2021-10-10 01:25:00,39.594667,-106.25618500000002,39.573824,-106.245779,1.5430396698700002,Slow traffic on I-70 E - US-6 E from Big Horn Rd/Exit 180 (I-70) to CR-16/Shrine Pass Rd/Exit 190 (I-70) due to roadwork.,,I-70 E,R,Vail,Eagle,CO,81657,US,US/Mountain,KCCU,2021-10-10 00:53:00,29.0,24.0,92.0,20.77,10.0,NNE,5.0,0.0,Cloudy,False,False,False,False,False,False,False,False,False,False,False,False,False,Night,Night,Night,Night
C-5188692,2,2020-10-08 12:28:30,2020-10-09 01:48:00,42.669639,-83.022149,42.669783,-83.01071999999998,0.580707305012,Queuing traffic from Van Dyke Ave (23 Mile Rd) to Schoenherr Rd (23 Mile Rd) due to construction work.,11144.0,23 Mile Rd,R,Utica,Macomb,MI,48317,US,US/Eastern,KVLL,2020-10-08 12:35:00,67.0,67.0,42.0,29.36,10.0,W,9.0,0.0,Fair,False,False,False,False,False,False,False,False,False,False,False,True,False,Day,Day,Day,Day
C-5188693,3,2019-10-01 00:53:57,2019-10-01 02:53:12,41.08309000000001,-85.62791999999997,41.07759,-85.47015,8.225735584489998,Between IN-5/S State St and IN-9 - Temporary width limit. Resurfacing work.,244.0,S State St,R,South Whitley,Whitley,IN,46787-1393,US,US/Eastern,KASW,2019-10-01 00:55:00,73.0,73.0,73.0,29.1,10.0,CALM,0.0,0.0,Fair,False,False,False,False,False,False,False,False,False,False,False,True,False,Night,Night,Night,Night
C-5188694,2,2021-02-18 18:34:30,2021-02-18 19:09:00,42.579217,-76.582931,42.546083,-76.542575,3.07552051879,Slow traffic on NY-34B from CR-189/Fenner Rd (NY-34B) to NY-34/NY-34B/Shore Dr/Auburn Rd (Ridge Rd/NY-34B) due to roadwork.,1.0,Lansing Station Rd,R,Lansing,Tompkins,NY,14882-8837,US,US/Eastern,KITH,2021-02-18 18:56:00,22.0,22.0,82.0,29.07,8.0,E,3.0,0.0,Light Snow,False,False,False,False,False,False,False,False,False,False,False,False,False,Night,Night,Day,Day
C-5188695,2,2020-10-13 20:38:42,2020-10-13 21:08:00,30.225185,-95.719384,30.218713,-95.736595,1.12062352801,Queuing traffic on TX-1488 from FM-149 Rd (TX-1488) to FM-1774/Magnolia Blvd/Melton St (Magnolia Blvd/TX-1488) due to roadwork.,16339.0,FM 1488 Rd,R,Magnolia,Montgomery,TX,77354,US,US/Central,KDWH,2020-10-13 20:53:00,76.0,76.0,67.0,29.89,9.0,NE,5.0,0.0,Fair,False,False,False,False,False,False,False,False,False,False,False,False,False,Night,Night,Night,Night
C-5188696,2,2021-09-30 14:44:01,2021-09-30 15:06:53,40.663979,-73.729619,40.666162,-73.729788,0.151090771257,Slow traffic from 250th St to N Conduit Ave due to roadwork.,13798.0,250th St,R,Rosedale,Queens,NY,11422-2110,US,US/Eastern,KJFK,2021-09-30 14:51:00,64.0,64.0,48.0,30.08,10.0,NNW,9.0,0.0,Mostly Cloudy,False,False,False,False,False,False,False,False,True,True,False,False,False,Day,Day,Day,Day
C-5188697,2,2021-08-19 15:00:13,2021-11-19 21:51:53,28.541107,-82.403462,28.539604,-82.401723,0.148073009305,Slow traffic on FL-45 - US-41 S - FL-577 - FL-50 from US-41 to Arnold Ave due to roadwork.,1260.0,S Broad St,L,Brooksville,Hernando,FL,34601-3132,US,US/Eastern,KBKV,2021-10-26 08:53:00,76.0,76.0,94.0,29.85,10.0,NW,5.0,0.0,Fair,False,False,False,False,False,False,False,False,False,False,False,False,False,Day,Day,Day,Day
C-5188698,2,2021-11-12 16:48:09,2021-11-12 19:14:15,30.691979,-88.02748100000002,30.692993,-88.03093199999998,0.216679589081,Stationary traffic on AL-16 - AL-13 - US-90 E - US-90 W - AL-42 - US-98 E - US-98 W from I-10 (Mobile) (US-98) to US-98/US-90 (US-98) due to roadwork.,,Battleship Pkwy,R,Mobile,Mobile,AL,36602,US,US/Central,KBFM,2021-11-12 16:53:00,62.0,62.0,80.0,30.04,10.0,CALM,0.0,0.0,Fair,False,False,False,False,False,False,False,False,False,False,False,False,False,Day,Day,Day,Day
C-5188699,3,2016-11-09 07:19:19,2016-12-01 01:01:00,32.754913,-96.809563,,,0.01,Exit ramp closed due to construction work on I-35E Southbound at Exit 426C R.L. Thornton Fwy. Until further notice. Detour in operation - use Colorado Blvd or 8th St exits.,,US-67 S,R,Dallas,Dallas,TX,75203,US,US/Central,KRBD,2016-11-09 06:53:00,60.1,,93.0,30.24,10.0,North,5.8,,Clear,False,False,False,False,False,False,False,False,False,False,False,False,False,Day,Day,Day,Day
C-5188700,4,2021-04-27 13:46:58,2021-05-04 23:59:00,40.451939,-79.93144699999998,40.451685,-79.93219,0.0428255908736,Closed road from S Negley Ave to Ivy St due to roadwork.,5658.0,Walnut St,R,Pittsburgh,Allegheny,PA,15232-2451,US,US/Eastern,KAGC,2021-04-27 13:53:00,79.0,79.0,31.0,28.6,10.0,SW,14.0,0.0,Fair,True,False,False,False,False,False,False,False,False,False,False,False,False,Day,Day,Day,Day
C-5188702,2,2021-10-08 14:02:30,2021-10-08 14:22:30,41.647423,-91.543107,41.647457,-91.540207,0.149745217419,Stationary traffic on IA-1 from Sunset St (IA-1) to US-6/S Riverside Dr (IA-1) due to roadwork.,225.0,Highway 1 W,L,Iowa City,Johnson,IA,52246-4245,US,US/Central,KIOW,2021-10-08 13:52:00,76.0,76.0,67.0,29.27,10.0,SE,6.0,0.0,Fair,False,False,False,False,False,False,False,False,False,False,False,True,False,Day,Day,Day,Day
C-5188704,2,2021-05-28 03:35:00,2021-05-29 01:59:22,39.735177,-84.092177,39.743837,-84.093977,0.605943400128,Roadwork on Indian Ripple Rd/Exit 10 (I-675) from US-35/Exit 13 (I-675) to I-675 N.,,I-675 N,R,Dayton,Greene,OH,45430,US,US/Eastern,KFFO,2021-05-28 03:40:00,66.0,66.0,83.0,28.99,10.0,W,7.0,0.0,Light Rain,False,False,False,False,False,False,False,False,False,False,False,False,False,Night,Night,Night,Night
C-5188705,2,2020-03-16 10:00:00,2020-03-17 15:00:00,40.94356,-72.86228,40.94356,-72.86228,0.0,At CR-46/William Floyd Pky - Construction work.,,Route 25A,R,Wading River,Suffolk,NY,11792,US,US/Eastern,KHWV,2020-03-16 09:56:00,39.0,,43.0,30.54,10.0,,,0.0,Fair,False,False,False,False,False,False,False,False,False,False,False,False,False,Day,Day,Day,Day
C-5188706,2,2017-04-12 06:00:00,2017-09-01 23:59:00,40.962738,-79.25843,,,0.01,Road closed due to construction on SR 1021 Eddyville Rd both ways at PA-839 Dayton Rd. Detour in operation.,,PA-839,R,New Bethlehem,Armstrong,PA,16242,US,US/Eastern,KDUJ,2017-04-12 05:53:00,46.9,,80.0,30.19,10.0,WNW,9.2,,Partly Cloudy,False,False,False,False,False,False,False,False,False,False,False,False,False,Night,Night,Day,Day
C-5188707,2,2021-08-07 10:35:02,2021-08-07 16:52:30,39.827545,-104.94621399999998,39.824686,-104.957925,0.652064100943,Slow traffic on I-76 W from CO-224/74th Ave/Exit 8 (I-76) to I-270/Exit 6 (I-76) due to roadwork.,,I-76 W,R,Commerce City,Adams,CO,80022,US,US/Mountain,KBKF,2021-08-07 10:58:00,76.0,76.0,31.0,24.42,10.0,NE,5.0,0.0,Partly Cloudy,False,False,False,False,False,False,False,False,False,False,False,False,False,Day,Day,Day,Day
C-5188708,2,2019-08-22 21:02:30,2019-08-27 21:01:28,34.0485,-84.56173000000003,34.053709999999995,-84.5494,0.7923430505500001,At Bells Ferry Rd/Exit 4 - Construction work. Right lane blocked.,,I-575 N,R,Kennesaw,Cobb,GA,30144,US,US/Eastern,KRYY,2019-08-23 20:50:00,81.0,81.0,77.0,28.91,10.0,CALM,0.0,0.0,Fair,False,False,False,False,True,False,False,False,False,False,False,False,False,Night,Night,Day,Day
C-5188709,2,2021-06-01 15:55:30,2021-06-01 18:27:37,39.737206,-105.109615,39.740125,-105.10878,0.206505409688,Slow traffic on US-40 E - CO-391 - I-70 Bus E from W 13th Pl to Iris St due to roadwork.,1328.0,Kipling St,R,Lakewood,Jefferson,CO,80215-4621,US,US/Mountain,KBJC,2021-06-01 16:50:00,59.0,59.0,59.0,24.52,10.0,W,16.0,0.0,Mostly Cloudy,False,False,True,False,False,False,False,False,True,False,False,True,False,Day,Day,Day,Day
C-5188710,2,2020-05-20 09:08:00,2020-05-20 15:00:00,47.37066,-122.81321,47.35989,-122.80202,0.909930875533,At Wright Bliss Rd KP N - Roadwork.,4726.0,E State Route 302,L,Belfair,Mason,WA,98528-9387,US,US/Pacific,KPWT,2020-05-20 09:15:00,52.0,52.0,88.0,29.56,8.0,SW,3.0,0.0,Cloudy,False,False,False,False,False,False,False,False,False,False,False,False,False,Day,Day,Day,Day
C-5188711,2,2021-10-20 01:34:30,2021-10-20 01:48:30,36.975763,-104.479474,36.991258,-104.481712,1.07770456938,Slow traffic on US-85 N - I-25 N - US-87 W from I-25/Exit 454 (I-25) to Exit 460 (I-25) due to roadwork.,,I-25 N,R,Raton,Colfax,NM,87740,US,US/Mountain,KRTN,2021-10-20 01:53:00,39.0,33.0,50.0,23.83,10.0,NE,9.0,0.0,Fair,False,False,False,False,False,False,False,False,False,False,False,False,False,Night,Night,Night,Night
C-5188712,2,2021-11-04 03:32:22,2021-11-05 05:07:23,44.936063,-96.451837,44.936029,-96.211626,11.748939103,Construction on US-212 EB near S DAKOTA STATE LINE Allow extra time.,,101st Ave,R,Mehurin,Lac qui Parle,MN,56257,US,US/Central,KDXX,2021-11-04 03:35:00,30.0,30.0,86.0,29.01,7.0,S,3.0,0.0,Fair,False,False,False,False,False,False,False,False,False,False,False,False,False,Night,Night,Night,Night
C-5188713,2,2021-12-29 09:36:30,2021-12-29 14:48:30,42.390181,-122.408414,42.397755,-122.191827,11.0642315299,Stationary traffic on OR-140 from Heppsie Mountain Rd (OR-140) to Dead Indian Rd (OR-140) due to roadwork.,25536.0,Highway 140,L,Eagle Point,Jackson,OR,97524,US,US/Pacific,KMFR,2021-12-29 09:53:00,35.0,35.0,96.0,28.37,3.0,CALM,0.0,0.0,Cloudy,False,False,False,False,False,False,False,False,False,False,False,False,False,Day,Day,Day,Day
C-5188714,4,2021-03-17 12:25:50,2021-03-24 23:59:00,40.610991,-73.952546,40.611264,-73.950702,0.0985434463942999,Closed road from Kings Hwy (Avenue P) to E 24th St (Avenue P) due to roadwork.,1720.0,E 21st St,R,Brooklyn,Kings,NY,11229-1515,US,US/Eastern,KJRB,2021-03-17 12:51:00,45.0,45.0,65.0,30.08,10.0,CALM,0.0,0.0,Cloudy,True,False,True,False,False,False,False,False,False,False,False,True,False,Day,Day,Day,Day
C-5188715,2,2021-06-27 17:05:23,2021-06-27 19:16:37,28.332012,-82.55282700000002,28.330676,-82.551874,0.108996075891,Stationary traffic on FL-52 from FL-52 exit [27] to Suncoast Pkwy N due to roadwork.,,Suncoast Pkwy S,R,Spring Hill,Pasco,FL,34610,US,US/Eastern,KBKV,2021-06-27 16:53:00,89.0,89.0,50.0,29.95,10.0,ENE,14.0,0.0,Fair,False,False,False,False,False,False,False,False,False,False,False,True,False,Day,Day,Day,Day
C-5188716,2,2020-04-06 17:00:00,2020-08-01 00:45:00,38.309533,-85.895124,38.335226,-85.899215,1.78901440382,Construction on US-150 WB near SAINT FRANCIS BLVD Expect delays.,,Old Vincennes Rd,R,Floyds Knobs,Floyd,IN,47119,US,US/Eastern,KSDF,2020-04-06 16:56:00,76.0,76.0,45.0,29.48,10.0,W,7.0,0.0,Mostly Cloudy,False,False,False,False,False,False,False,False,False,False,False,False,False,Day,Day,Day,Day
C-5188717,3,2020-10-07 01:45:49,2020-10-07 06:00:00,34.071705,-117.872643,,,3.20000004768,Two lanes closed due to paving repairs on I-10 Eastbound from Azusa Ave to Grand Ave.,,I-10 E,R,West Covina,Los Angeles,CA,91791,US,US/Pacific,KPOC,2020-10-07 08:47:00,72.0,72.0,43.0,28.88,10.0,CALM,0.0,,Fair,False,False,False,False,False,False,False,False,False,False,False,False,False,Night,Night,Night,Night
C-5188718,2,2021-05-14 04:34:00,2021-05-14 21:06:17,33.478653,-112.203288,33.480415,-112.204344,0.136105930573,Stationary traffic from W Windsor Ave to N 69th Ave due to roadwork.,,N 67th Ave,R,Phoenix,Maricopa,AZ,85035,US,US/Mountain,KGEU,2021-05-14 04:58:00,70.0,70.0,22.0,28.69,10.0,CALM,0.0,0.0,Fair,False,False,False,False,False,True,False,False,False,False,False,False,False,Night,Night,Day,Day
C-5188719,2,2021-05-01 13:35:24,2021-05-01 14:24:07,36.758519,-76.30382900000002,36.757616,-76.283199,1.14368795779,Slow traffic on G A Treakle Bdg - I-64 W - US-17 S from US-17/Exit 296 (I-64) to VA-190/Exit 292 (I-64) due to roadwork.,,G A Treakle Bdg,R,Chesapeake,Chesapeake,VA,23323,US,US/Eastern,KPVG,2021-05-01 13:51:00,65.0,65.0,28.0,30.02,10.0,W,8.0,0.0,Fair,False,False,False,False,False,False,False,False,False,False,False,False,False,Day,Day,Day,Day
C-5188720,2,2020-12-10 16:00:00,2020-12-10 23:45:00,40.707424,-74.198044,40.696954,-74.219394,1.3319012774,Construction construction on US 22 eastbound area of Hillside Av (Hillside Twp) 1 Right lane of 2 lanes closed Until 4:00 PM,1.0,US Highway 22,R,Newark,Essex,NJ,07114,US,US/Eastern,KEWR,2020-12-10 15:51:00,47.0,42.0,50.0,30.11,10.0,WNW,10.0,0.0,Fair,False,False,False,False,False,False,False,False,False,False,False,False,False,Day,Day,Day,Day
C-5188721,2,2016-10-31 09:00:00,2016-10-31 15:30:00,26.430422,-81.4207,,,0.0,Intermittent lane closures due to construction work on County Hwy-29A New Market Rd both ways at Flagler St.,900.0,Flagler St,R,Immokalee,Collier,FL,34142,US,US/Eastern,KIMM,2016-10-31 08:53:00,72.0,72.0,76.0,30.0,10.0,NNE,12.0,0.0,Fair,False,False,False,False,False,False,False,False,False,False,False,False,False,Day,Day,Day,Day
C-5188722,2,2020-06-18 08:00:00,2020-06-19 04:00:00,40.69056,-73.80941,40.69056,-73.80941,0.0,Ramp to Van Wyck Expy Frontage Northbound - Construction work. Left lane blocked.,10423.0,Van Wyck Expy,L,Jamaica,Queens,NY,11435-4825,US,US/Eastern,KJFK,2020-06-18 07:51:00,65.0,65.0,97.0,30.2,1.0,NE,8.0,0.0,Fog,False,False,False,False,False,False,False,False,False,False,False,False,False,Day,Day,Day,Day
C-5188723,2,2020-10-10 23:54:22,2020-10-13 06:35:26,43.727507,-71.12589100000002,43.705708,-71.11269200000002,1.64408104182,Roadwork on NH-16 from NH-25/Ossipee Trl (White Mountain Hwy/NH-16) to NH-28 (White Mountain Hwy/NH-16).,1114.0,Route 16,R,Ossipee,Carroll,NH,03864-7176,US,US/Eastern,KLCI,2020-10-10 23:56:00,61.0,61.0,83.0,29.23,10.0,W,5.0,0.05,Cloudy,False,False,False,False,False,False,False,False,False,True,False,False,False,Night,Night,Night,Night
C-5188724,2,2021-11-18 08:06:00,2021-11-18 08:27:00,25.899331,-80.188855,25.899768,-80.1788,0.625685019686,Slow traffic on FL-916 from Griffing Blvd/Memorial Hwy (NE 135th St/FL-916) to FL-909/NE 10th Ave/W Dixie Hwy (NE 135th St/FL-916) due to roadwork.,13499.0,NE 5th Ave,R,Miami,Miami-Dade,FL,33161,US,US/Eastern,KOPF,2021-11-18 07:53:00,78.0,78.0,71.0,30.13,10.0,E,10.0,0.0,Fair,False,False,False,False,False,False,False,False,False,False,False,True,False,Day,Day,Day,Day
C-5188725,2,2020-10-17 06:08:00,2020-10-17 06:34:00,40.829561,-73.88253,40.828291,-73.88297,0.0907137432879,Stationary traffic from Cross Bronx Expy (Bronx River Ave) to Westchester Ave (Bronx River Ave) due to roadwork.,1247.0,Colgate Ave,L,Bronx,Bronx,NY,10472-2301,US,US/Eastern,KLGA,2020-10-17 05:51:00,50.0,50.0,63.0,30.15,10.0,NNW,7.0,0.0,Partly Cloudy,False,False,True,False,False,False,False,False,False,False,False,False,False,Night,Night,Night,Day
C-5188726,2,2020-04-09 00:01:00,2020-04-09 23:59:00,38.98484000000001,-77.092628,,,0.0,Right hand shoulder blocked due to construction on MD-410 East-West Hwy Eastbound from MD-355 Wisconsin Ave to Waverly St.,7495.0,Waverly St,R,Bethesda,Montgomery,MD,20814-3330,US,US/Eastern,KCGS,2020-04-09 00:06:00,52.0,52.0,79.0,29.53,10.0,CALM,0.0,0.0,Fair,False,False,False,False,False,False,False,False,False,False,False,True,False,Night,Night,Night,Night
C-5188727,2,2017-04-11 09:01:08,2017-04-11 15:01:08,39.14435,-94.5636,39.145137,-94.559058,0.249386390956,Between I-29/I-35/US-71 and Taney St - Construction work.,,Armour Rd,R,Kansas City,Clay,MO,64116,US,US/Central,KMKC,2017-04-11 08:56:00,44.1,40.1,73.0,30.31,10.0,NNE,6.9,,Partly Cloudy,False,False,False,False,False,False,False,False,False,False,False,False,False,Day,Day,Day,Day
C-5188728,2,2020-10-21 06:56:21,2020-10-25 06:55:20,34.52487,-102.88594,34.39048,-103.04361,12.9192107494,Between FM-1731 and State Line Rd - Construction work.,,Gardner Ave,R,Farwell,Parmer,TX,79325,US,US/Mountain,KCVN,2020-10-21 06:56:00,48.0,46.0,96.0,25.75,7.0,NNW,5.0,0.0,Fair,False,False,False,False,False,False,False,False,False,False,False,False,False,Night,Night,Night,Day
C-5188729,2,2019-09-16 07:04:12,2019-09-22 07:01:30,41.704175,-71.62619699999998,41.703461,-71.62938299999998,0.171593369941,At Peckham Ln - Construction work. Lane blocked.,2529.0,Flat River Rd,L,Coventry,Kent,RI,02816-5105,US,US/Eastern,KPVD,2019-09-18 06:51:00,57.0,57.0,72.0,30.18,10.0,NNE,10.0,0.0,Mostly Cloudy,False,False,False,False,False,False,False,False,False,False,False,False,False,Day,Day,Day,Day
C-5188730,2,2020-09-13 21:18:30,2020-09-13 22:16:30,40.757606,-73.922831,40.756677,-73.920867,0.121185324057,Queuing traffic from 36th St to Steinway St due to resurfacing work.,3608.0,34th Ave,R,Astoria,Queens,NY,11106-1110,US,US/Eastern,KNYC,2020-09-13 20:51:00,72.0,72.0,78.0,29.94,10.0,VAR,3.0,0.0,Mostly Cloudy,True,False,True,False,False,False,True,False,True,False,False,True,False,Night,Night,Night,Night
C-5188731,2,2021-09-11 13:51:30,2021-09-11 14:11:30,36.085397,-79.680451,36.088591,-79.679473,0.227340251263,Stationary traffic from I-85/I-40 (Mount Hope Church Rd) to McLeansville Rd (Mount Hope Church Rd) due to roadwork.,,Mount Hope Church Rd,R,Greensboro,Guilford,NC,27405,US,US/Eastern,KGSO,2021-09-11 13:54:00,79.0,79.0,45.0,29.24,10.0,WSW,9.0,0.0,Mostly Cloudy,False,False,False,False,False,False,False,False,False,False,False,False,False,Day,Day,Day,Day
C-5188732,2,2020-10-28 12:10:02,2020-10-30 22:28:59,41.722182,-86.285943,41.716208,-86.180358,5.46089163741,Roadwork on US-31 Bus/Exit 72 (I-90/I-80) from IN-331/Capital Ave/Exit 83 (I-90/I-80) to I-90/I-80.,,I-80 E,R,South Bend,St. Joseph,IN,46628,US,US/Eastern,KSBN,2020-10-28 11:54:00,43.0,38.0,62.0,29.23,10.0,WSW,8.0,0.0,Fair,False,False,False,False,False,False,False,False,False,False,False,False,False,Day,Day,Day,Day
C-5188733,2,2021-12-07 13:45:30,2021-12-07 15:55:15,32.578436,-97.355785,32.578916,-97.353236,0.1520678429659999,Slow traffic on FM-731 from Roberts St to E Mission St due to roadwork.,260.0,E Main St,R,Crowley,Tarrant,TX,76036-2677,US,US/Central,KFWS,2021-12-07 13:55:00,61.0,61.0,34.0,29.2,10.0,SE,7.0,0.0,Fair,False,False,False,False,False,False,False,False,False,False,False,False,False,Day,Day,Day,Day
C-5188735,2,2021-06-18 10:55:00,2021-06-18 17:17:38,39.324389,-77.359817,39.38969,-77.416475,5.433134948459999,Slow traffic on I-270 N - Dwight D Eisenhower Hwy N from MD-80/Exit 26 (I-270) to I-70/US-40 (I-270) due to roadwork.,,Dwight D Eisenhower Hwy N,R,Frederick,Frederick,MD,21704,US,US/Eastern,KFDK,2021-06-18 10:47:00,77.0,77.0,44.0,29.71,10.0,SW,9.0,0.0,Fair,False,False,False,False,False,False,False,False,False,False,False,False,False,Day,Day,Day,Day
C-5188736,2,2019-01-23 10:35:59,2019-01-27 10:35:59,39.93517,-75.36444,40.063895,-75.321512,9.17969102225,Between Baltimore Pike/Exit 3 and I-76/Schuylkill Expy/Exit 16 - Roadwork. Traffic problem.,,Veterans Memorial Hwy N,R,Springfield,Delaware,PA,19064,US,US/Eastern,KPHL,2019-01-23 10:54:00,37.0,31.6,44.0,30.3,10.0,SSW,6.9,,Overcast,False,False,False,False,False,False,False,False,False,False,False,False,False,Day,Day,Day,Day
C-5188737,2,2021-10-06 18:40:30,2021-10-06 20:41:38,39.740097,-104.848899,39.740098,-104.846407,0.1323988475,Slow traffic on US-40 E - I-70 Bus E - US-287 S from Havana St (Colfax Ave) to I-225 (Colfax Ave) due to roadwork.,11942.0,E Colfax Ave,R,Aurora,Arapahoe,CO,80010-5110,US,US/Mountain,KBKF,2021-10-06 18:58:00,65.0,65.0,37.0,24.35,10.0,NNE,5.0,0.0,Mostly Cloudy,False,False,False,False,False,False,False,False,False,False,False,False,False,Night,Day,Day,Day
C-5188738,4,2021-01-20 07:52:51,2021-01-27 07:59:00,38.897727,-77.070797,38.898147,-77.070227,0.0422087366692,Closed road from N Lynn St to Arlington due to roadwork.,1957.0,N Lynn St,R,Arlington,Arlington,VA,22209-1705,US,US/Eastern,KDCA,2021-01-20 07:52:00,41.0,35.0,49.0,30.01,10.0,WNW,10.0,0.0,Fair,True,False,False,True,False,False,False,False,False,False,False,False,False,Day,Day,Day,Day
C-5188739,2,2020-01-14 19:47:00,2020-11-19 21:50:28,40.175343,-80.219412,40.167773,-80.203876,0.972802311862,Roadwork on I-70 eastbound between Exit 20: PA 136 - BEAU STREET and Exit 25: PA 519 - EIGHTY-FOUR/GLYDE. There is a shoulder closed.,,I-70 E,R,Washington,Washington,PA,15301,US,US/Eastern,KAFJ,2020-01-14 19:53:00,45.0,40.0,76.0,28.88,10.0,WSW,9.0,0.0,Fair,False,False,False,False,False,False,False,False,False,False,False,False,False,Night,Night,Night,Night
C-5188740,2,2021-05-14 11:42:00,2021-05-14 12:38:30,40.606445,-77.857714,40.596035,-77.862344,0.759166167703,Stationary traffic on PA-26 from PA-305 (McAlvey's Fort Rd/PA-26) to Standing Stone Rd (PA-26) due to roadwork.,5651.0,Standing Stone Rd,R,Huntingdon,Huntingdon,PA,16652-5109,US,US/Eastern,KAOO,2021-05-14 11:53:00,66.0,66.0,24.0,28.69,10.0,VAR,6.0,0.0,Fair,False,False,False,False,False,False,False,False,False,False,False,False,False,Day,Day,Day,Day
C-5188741,2,2020-06-03 16:24:51,2020-06-04 16:39:51,35.98574,-78.6859,36.00445999999999,-78.68621999999998,1.29355250815,Between Mt Vernon Church Rd and Old Creedmoor Rd - Construction work.,12528.0,Creedmoor Rd,R,Raleigh,Wake,NC,27614,US,US/Eastern,KRDU,2020-06-03 16:51:00,90.0,90.0,50.0,29.43,10.0,SW,18.0,0.0,Partly Cloudy,False,False,False,True,False,False,False,False,False,True,False,False,False,Day,Day,Day,Day
C-5188742,2,2021-12-02 17:04:36,2021-12-02 19:26:25,25.681929,-80.41644699999998,25.685394,-80.417583,0.249639770316,Slow traffic on FL-825 - FL-94 from SW 96th St to SW 137th Ct due to roadwork.,9205.0,SW 137th Ave,L,Miami,Miami-Dade,FL,33186-1431,US,US/Eastern,KTMB,2021-12-02 16:53:00,77.0,77.0,52.0,30.07,10.0,N,10.0,0.0,Fair,True,False,True,False,False,False,False,False,True,False,False,False,False,Day,Day,Day,Day
C-5188743,2,2020-11-20 14:41:00,2020-11-20 20:28:59,43.632718,-116.35426499999998,43.633811,-116.355745,0.105739551171,Stationary traffic on ID-55 from E River Valley St to N Centrepoint Way due to roadwork.,3030.0,N Eagle Rd,L,Meridian,Ada,ID,83646-6252,US,US/Mountain,KMAN,2020-11-20 14:35:00,46.0,46.0,50.0,27.78,10.0,VAR,3.0,0.0,Fair,False,False,False,False,False,False,False,False,False,False,False,False,False,Day,Day,Day,Day
C-5188744,1,2020-11-09 04:02:51,2020-11-09 09:17:00,40.367279,-76.932983,,,0.0,Road closed due to construction work on Market St Southbound between Paxton St and Allegheny St.,500.0,Allegheny St,L,Dauphin,Dauphin,PA,17018-8000,US,US/Eastern,KCXY,2020-11-09 03:56:00,45.0,45.0,82.0,29.98,9.0,SW,3.0,0.0,Fair,False,False,False,False,False,False,False,False,False,True,False,False,False,Night,Night,Night,Night
C-5188745,2,2019-10-09 22:01:36,2019-10-13 22:01:19,40.70647,-74.01601,40.70979000000001,-74.01472,0.239133486965,Between South St and Exit 2 - Construction work. Lane blocked.,19.0,West St,R,New York,New York,NY,10004,US,US/Eastern,KJRB,2019-10-09 21:51:00,53.0,53.0,77.0,30.12,10.0,NNE,10.0,0.0,Cloudy,True,False,True,False,False,False,False,False,False,False,False,True,False,Night,Night,Night,Night
C-5188746,2,2021-06-05 00:00:00,2021-07-27 00:43:59,40.748325,-73.980298,40.747678,-73.97878299999998,0.0910337885568,Construction on E 36TH ST near LEXINGTON AVE Allow extra time.,,E 36th St,R,New York,New York,NY,10016,US,US/Eastern,KNYC,2021-06-05 00:51:00,67.0,67.0,93.0,29.83,9.0,VAR,6.0,0.0,Fair,True,False,False,False,False,False,False,False,False,False,False,True,False,Night,Night,Night,Night
C-5188747,2,2021-11-15 16:17:15,2021-11-15 16:37:54,41.391591,-72.861328,41.391669,-72.8592,0.110435209463,Slow traffic on US-5 N - CT-22 - US-5 S from I-91 N to Franklin St due to roadwork.,8.0,Clintonville Rd,R,North Haven,New Haven,CT,06473-1625,US,US/Eastern,KMMK,2021-11-15 15:53:00,47.0,43.0,50.0,29.66,10.0,W,8.0,0.0,Mostly Cloudy,False,False,True,False,False,False,False,False,False,False,False,False,False,Day,Day,Day,Day
C-5188748,2,2017-05-16 20:16:11,2017-05-17 06:00:00,40.63666,-74.64539,40.63214,-74.64395,0.321299892901,At I-78 - Construction work.,,I-287 S,R,Bridgewater,Somerset,NJ,08807,US,US/Eastern,KSMQ,2017-05-16 19:53:00,69.1,,53.0,29.95,10.0,Calm,,,Clear,False,False,False,False,False,False,False,False,False,False,False,False,False,Night,Day,Day,Day
C-5188749,2,2018-04-30 06:00:00,2018-04-30 18:00:00,36.774147,-90.243927,,,4.96000003815,Intermittent lane closures due to maintenance work on MO-51 Westbound between US-60 and MO-51 Highway B.,2499.0,Highway 51,L,Fisk,Butler,MO,63940,US,US/Central,KPOF,2018-04-30 05:53:00,39.9,,93.0,30.24,10.0,Calm,,,Clear,False,False,True,False,False,False,True,False,False,False,False,False,False,Night,Day,Day,Day
C-5188750,2,2021-03-09 05:10:30,2021-03-09 17:44:44,26.677476,-81.89903100000002,26.682256,-81.901481,0.363255082593,Stationary traffic on FL-45 - US-41 N from Evergreen Rd (US-41) to FL-78/Pine Island Rd (US-41) due to roadwork.,14710.0,N Cleveland Ave,R,North Fort Myers,Lee,FL,33903-3806,US,US/Eastern,KFMY,2021-03-09 04:53:00,55.0,55.0,80.0,30.37,10.0,NNE,8.0,0.0,Fair,False,False,False,False,False,False,False,False,False,False,False,True,False,Night,Night,Night,Night
C-5188751,2,2021-06-28 06:16:00,2021-06-28 15:13:00,41.884437,-87.645882,41.880851,-87.646156,0.248169585136,Slow traffic on I-94 E - I-90 E - Kennedy Expy E from W Randolph St to exit [51G] due to roadwork.,,W Randolph St,R,Chicago,Cook,IL,60661,US,US/Central,KMDW,2021-06-28 05:53:00,67.0,67.0,87.0,29.42,10.0,E,8.0,0.0,Cloudy,False,False,False,False,True,False,False,False,False,False,False,False,False,Day,Day,Day,Day
C-5188752,2,2020-10-27 01:34:30,2020-10-27 04:04:00,45.70545300000001,-110.353621,45.713623,-110.402921,2.44467544631,Slow traffic on I-90 from Frontage Rd/Exit 350 (I-90) to Mission Creek Rd/Exit 343 (I-90) due to roadwork.,,I-90 W,R,Livingston,Park,MT,59047,US,US/Mountain,KLVM,2020-10-27 01:53:00,29.0,17.0,61.0,25.38,10.0,W,17.0,0.0,Cloudy,False,False,False,False,False,False,False,False,False,False,False,False,False,Night,Night,Night,Night
C-5188753,2,2020-10-13 12:37:30,2020-10-13 23:59:23,25.772553,-80.232384,25.772327,-80.239034,0.4140612694520001,Stationary traffic on FL-968 from 17th Ave (W Flagler St/FL-968) to FL-9/27th Ave (W Flagler St/FL-968) due to bridge maintenance work.,2266.0,W Flagler St,L,Miami,Miami-Dade,FL,33135-1523,US,US/Eastern,KMIA,2020-10-13 12:53:00,88.0,88.0,53.0,29.95,10.0,SW,3.0,0.0,Mostly Cloudy,False,False,False,False,False,False,False,False,False,False,False,True,False,Day,Day,Day,Day
C-5188754,2,2021-06-04 11:24:04,2021-06-04 11:45:30,43.666127,-116.27931,43.659268,-116.279726,0.474367697514,Stationary traffic on ID-44 from W State St/N Gary Ln (N Glenwood St/ID-44) to US-20/US-26/W Chinden Blvd (N Glenwood St/ID-44) due to roadwork.,6793.0,N Glenwood St,L,Boise,Ada,ID,83714-1927,US,US/Mountain,KBOI,2021-06-04 11:53:00,83.0,83.0,31.0,26.95,10.0,NW,13.0,0.0,Fair,False,False,True,False,False,False,False,False,True,False,False,True,False,Day,Day,Day,Day
C-5188755,2,2021-09-30 15:20:00,2021-09-30 15:46:00,41.722204,-87.70199000000002,41.720307,-87.70190500000002,0.131143497484,Slow traffic from W 87th St (S Kedzie Ave) to W 103rd St (Kedzie Ave) due to roadwork.,9426.0,S Kedzie Ave,R,Evergreen Park,Cook,IL,60805-2324,US,US/Central,KMDW,2021-09-30 14:53:00,78.0,78.0,37.0,29.48,10.0,E,10.0,0.0,Mostly Cloudy,False,False,True,False,False,False,True,False,True,False,False,False,False,Day,Day,Day,Day
C-5188756,2,2021-11-23 10:47:00,2021-11-23 12:48:28,25.922925,-80.15463100000002,25.926209,-80.154884,0.227446793018,Stationary traffic on US-1 N - FL-826 - FL-5 from NE 156th St to W Dixie Hwy due to roadwork.,16001.0,Biscayne Blvd,L,North Miami Beach,Miami-Dade,FL,33160,US,US/Eastern,KHWO,2021-11-23 10:53:00,67.0,67.0,51.0,30.05,10.0,N,20.0,0.0,Fair,False,False,False,False,False,False,False,False,True,False,False,False,False,Day,Day,Day,Day
C-5188757,2,2021-11-24 17:24:35,2021-11-24 19:57:09,25.847363,-80.199189,25.846817,-80.19686800000002,0.149172016527,Slow traffic on FL-934 from NW 2nd Ave to NE 78th St / NW 78th St due to roadwork.,237.0,NW 79th St,R,Miami,Miami-Dade,FL,33150-2961,US,US/Eastern,KOPF,2021-11-24 17:53:00,72.0,72.0,53.0,30.18,10.0,NE,7.0,0.0,Cloudy,False,False,False,False,False,False,False,False,False,False,False,False,False,Day,Day,Day,Day
C-5188758,3,2020-06-09 06:32:11,2020-06-11 06:47:11,41.38681,-87.32655,41.435,-87.32141,3.3402481294,Between IN-2/Exit 240 and US-30/Exit 253 - Roadwork. Right lane closed.,,I-65 N,R,Crown Point,Lake,IN,46307,US,US/Central,KIGQ,2020-06-09 06:35:00,72.0,,55.0,29.12,10.0,,,0.0,Fair,False,False,False,False,False,False,False,False,False,False,False,False,False,Day,Day,Day,Day
C-5188759,2,2021-12-10 12:10:30,2021-12-10 12:59:01,25.899849,-80.176793,25.899426,-80.186903,0.629053363081,Slow traffic on FL-916 from US-1/Biscayne Blvd (NE 135th St/FL-916) to FL-915/NE 6th Ave (NE 135th St/FL-916) due to roadwork.,1098.0,NE 135th St,R,North Miami,Miami-Dade,FL,33161-4255,US,US/Eastern,KOPF,2021-12-10 11:53:00,82.0,82.0,65.0,30.11,10.0,ESE,10.0,0.0,Fair,False,False,False,False,False,False,False,False,True,False,False,True,False,Day,Day,Day,Day
C-5188760,4,2020-06-02 08:02:09,2020-06-24 16:17:30,44.94473,-93.27791,44.94836,-93.27797,0.250826274941,Closed at CR-3/Lake St - Closed due to roadwork. Security incident.,3205.0,Nicollet Ave S,L,Minneapolis,Hennepin,MN,55408-4438,US,US/Central,KMSP,2020-06-04 15:53:00,83.0,83.0,32.0,28.87,10.0,NE,8.0,0.0,Mostly Cloudy,False,False,True,False,False,False,False,False,True,False,False,True,False,Day,Day,Day,Day
C-5188761,2,2020-07-02 16:00:00,2020-07-03 00:45:00,41.64403,-81.358469,41.63858,-81.379719,1.16005746754,Construction on I-90 WB near OH-615 Construction. Right lane closed.,,I-90 W,R,Mentor,Lake,OH,44060,US,US/Eastern,KCGF,2020-07-02 15:45:00,82.0,82.0,42.0,29.09,20.0,NNW,7.0,0.0,Fair,False,False,False,False,False,False,False,False,False,False,False,False,False,Day,Day,Day,Day
C-5188762,3,2021-04-30 06:00:00,2021-04-30 18:00:00,38.63689,-91.517227,,,0.519999980927,Bridge closed due to bridge maintenance work on MO-J both ways from CR-205 Weeks Rd to CR-213 First Creek Rd.,1700.0,Highway J,R,Hermann,Gasconade,MO,65041-4331,US,US/Central,KFYG,2021-04-30 05:55:00,48.0,48.0,100.0,29.63,10.0,CALM,0.0,0.0,Fair,False,False,False,False,False,False,False,False,False,False,False,False,False,Night,Day,Day,Day
C-5188763,2,2020-09-05 15:11:00,2020-09-05 20:43:48,26.530671,-80.058214,26.527982,-80.05819,0.185798128854,Queuing traffic on US-1 from E Gateway Blvd/NE 22nd Ave (US-1) to Woolbright Rd/15th Ave (US-1) due to resurfacing work.,539.0,NE 4th Ave,L,Boynton Beach,Palm Beach,FL,33435,US,US/Eastern,KPBI,2020-09-05 14:53:00,91.0,91.0,61.0,30.05,10.0,E,14.0,0.0,Mostly Cloudy,False,False,False,False,False,False,False,False,False,False,False,True,False,Day,Day,Day,Day
C-5188764,3,2019-09-15 20:02:57,2019-09-20 19:02:08,41.78960900000001,-87.90791,41.82786,-87.91812,2.69469229435,Between 55th St and Salt Creek - Roadwork.,1399.0,55th St,R,Western Springs,Cook,IL,60558,US,US/Central,KMDW,2019-09-16 18:53:00,69.0,69.0,84.0,29.44,7.0,ENE,8.0,0.0,Mostly Cloudy,False,False,False,False,False,False,False,False,False,False,False,False,False,Night,Night,Night,Day
C-5188765,2,2021-06-15 17:08:30,2021-12-14 09:01:48,39.740418,-105.0521,39.740414,-105.0538,0.0903202341873,Stationary traffic on US-40 W - I-70 Bus W from US-287/CO-88/Federal Blvd (Colfax Ave) to CO-121/Wadsworth Blvd (Colfax Ave) due to roadwork.,1486.0,N Zenobia St,R,Denver,Denver,CO,80204-1042,US,US/Mountain,KBJC,2021-06-15 16:45:00,97.0,97.0,12.0,24.5,10.0,CALM,0.0,0.0,Fair,True,False,True,False,False,False,False,False,True,True,False,False,False,Day,Day,Day,Day
C-5188766,2,2021-06-28 16:14:20,2021-10-16 13:52:10,42.988281,-88.23969,42.988314,-88.249842,0.51310086662,Stationary traffic from S East Ave (Sunset Dr) to Oakdale Dr (Sunset Dr) due to roadwork.,,S31W24631 W Sunset Dr,L,Waukesha,Waukesha,WI,53189-7014,US,US/Central,KUES,2021-09-04 13:45:00,66.0,66.0,88.0,28.89,5.0,W,8.0,0.0,Cloudy,False,False,False,False,False,False,False,False,False,False,False,True,False,Day,Day,Day,Day
C-5188767,2,2020-09-24 10:57:30,2020-09-25 05:10:50,40.72164,-73.993587,40.719918,-73.993002,0.122859313394,Slow traffic from Rivington St to Chrystie St due to roadwork.,210.0,Bowery,L,New York,New York,NY,10012-4203,US,US/Eastern,KJRB,2020-09-24 10:51:00,71.0,71.0,49.0,29.92,10.0,SW,3.0,0.0,Fair,False,False,True,False,False,False,True,False,True,False,False,True,False,Day,Day,Day,Day
C-5188768,2,2020-12-30 12:57:30,2020-12-31 01:16:11,26.681627,-80.248603,26.681543,-80.245088,0.217079846702,Stationary traffic on FL-80 - FL-700 - US-98 E - US-441 S from Big Blue Trl/F Rd (US-98) to Royal Palm Beach Blvd (US-98) due to roadwork.,12272.0,Southern Blvd,R,Wellington,Palm Beach,FL,33414,US,US/Eastern,KPBI,2020-12-30 12:53:00,76.0,76.0,60.0,30.14,10.0,E,21.0,0.0,Mostly Cloudy / Windy,False,False,False,False,False,False,False,False,False,False,False,False,False,Day,Day,Day,Day
C-5188769,2,2021-12-15 15:42:13,2021-12-15 16:09:53,27.894593,-82.78960699999998,27.893521000000003,-82.787174,0.166012084624,Slow traffic on US-19 Alt S - FL-688 - FL-595 from 113th St / Ridge Rd S to Lark Dr due to roadwork.,10840.0,Ulmerton Rd,L,Largo,Pinellas,FL,33778,US,US/Eastern,KPIE,2021-12-15 15:53:00,80.0,80.0,60.0,30.15,10.0,ENE,8.0,0.0,Fair,False,False,False,False,False,False,False,False,True,False,False,False,False,Day,Day,Day,Day
C-5188770,2,2021-11-04 17:18:43,2021-11-04 19:29:54,28.593086,-81.36200600000002,28.593725,-81.365094,0.192470889754,Slow traffic on FL-424A - US-92 E - FL-426 - US-17 N - US-92 W - US-17 S from S Denning Dr to W Comstock Ave due to roadwork.,989.0,W Fairbanks Ave,R,Winter Park,Orange,FL,32789-4718,US,US/Eastern,KORL,2021-11-04 16:53:00,76.0,76.0,71.0,29.9,10.0,NNE,7.0,0.0,Partly Cloudy,True,False,True,False,False,False,False,False,False,False,False,False,False,Day,Day,Day,Day
C-5188771,2,2021-08-23 11:51:00,2021-08-23 13:28:17,40.87918,-73.874543,40.88222,-73.88045799999998,0.373628517304,Slow traffic from Bronx River Pkwy (E Gun Hill Rd) to Jerome Ave (Gun Hill Rd) due to roadwork.,292.0,E Gun Hill Rd,R,Bronx,Bronx,NY,10467-2206,US,US/Eastern,KLGA,2021-08-23 11:51:00,79.0,79.0,79.0,29.72,8.0,SSW,14.0,0.01,Mostly Cloudy,False,False,False,False,False,False,False,False,False,False,False,True,False,Day,Day,Day,Day
C-5188772,4,2020-05-12 03:00:00,2020-05-12 10:00:00,35.578484,-78.14715600000002,,,2.18000006676,Road closed due to construction work on I-95 Northbound between Exit 105 Bagley Rd and Exit 106 Truck Stop Rd.,,I-95 S,R,Kenly,Johnston,NC,27542,US,US/Eastern,KGWW,2020-05-12 02:55:00,41.0,41.0,72.0,30.03,10.0,CALM,0.0,0.0,Fair,False,False,False,False,False,False,False,False,False,False,False,False,False,Night,Night,Night,Night
C-5188773,2,2021-11-24 12:42:01,2021-11-24 14:45:30,29.53554,-95.808342,29.531654,-95.808306,0.268505750186,Slow traffic on TX-36 from US-90 Alt/Avenue H (US-90 Alt/1st St/Avenue H/TX-36) to US-59/Southwest Fwy (1st St/TX-36) due to roadwork.,3177.0,1st St,R,Rosenberg,Fort Bend,TX,77471-5852,US,US/Central,KSGR,2021-11-24 12:53:00,78.0,78.0,60.0,29.96,10.0,SSE,21.0,0.0,Cloudy / Windy,False,False,False,False,False,False,False,False,False,False,False,True,False,Day,Day,Day,Day
C-5188774,2,2021-03-10 05:07:30,2021-03-10 16:43:06,25.776367,-80.140861,25.773805,-80.140468,0.17869819774,Slow traffic on FL-907 from 6th St to 4th St due to roadwork.,654.0,Alton Rd,L,Miami Beach,Miami-Dade,FL,33139,US,US/Eastern,KMIA,2021-03-10 04:53:00,70.0,70.0,61.0,30.28,10.0,ENE,8.0,0.0,Mostly Cloudy,True,False,False,False,False,False,False,False,True,False,False,False,False,Night,Night,Night,Night
C-5188775,2,2020-07-22 14:30:00,2020-07-23 03:15:00,33.412912,-83.84142299999998,33.305896999999995,-83.694949,11.2304804683,Construction on GA-212 EB near RABY RD Construction. Right lane closed.,1.0,Raby Rd,L,Covington,Jasper,GA,30014-7840,US,US/Eastern,K9A1,2020-07-22 14:56:00,90.0,90.0,46.0,28.98,10.0,W,3.0,0.0,Partly Cloudy,False,False,False,False,False,False,False,False,False,False,False,False,False,Day,Day,Day,Day
C-5188776,2,2021-02-28 21:56:00,2021-02-28 22:29:30,35.387798,-97.573969,35.398504,-97.574764,0.74106822113,Slow traffic on Will Rogers Expy N - US-62 E - I-44 E from 89th St/Exit 113 (I-44) to I-240/OK-3/Exit 115 (I-44) due to roadwork.,,I-44 E,R,Oklahoma City,Oklahoma,OK,73159,US,US/Central,KOKC,2021-02-28 21:52:00,45.0,38.0,53.0,28.76,10.0,N,16.0,0.0,Fair,False,False,False,False,False,False,False,False,False,False,False,False,False,Night,Night,Night,Night
C-5188777,2,2021-11-15 15:21:30,2021-11-15 17:35:42,41.720782,-87.696884,41.721251,-87.701791,0.255124839872,Stationary traffic on US-12 E - US-20 W - US-12 W - US-20 E from S Sacramento Ave to W 94th St due to roadwork.,3000.0,W 95th St,R,Evergreen Park,Cook,IL,60805-2403,US,US/Central,KMDW,2021-11-15 15:16:00,34.0,30.0,70.0,29.41,9.0,S,5.0,0.0,Cloudy,False,False,False,False,False,False,False,False,False,False,False,False,False,Day,Day,Day,Day
C-5188778,2,2021-10-14 16:04:30,2021-10-14 18:13:29,39.704165,-104.915294,39.701744,-104.91141299999998,0.265600267643,Slow traffic on CO-83 from S Holly St (Leetsdale Dr/CO-83) to S Quebec St (Leetsdale Dr/S Parker Rd/CO-83) due to roadwork.,6253.0,Leetsdale Dr,L,Denver,Denver,CO,80224,US,US/Mountain,KBKF,2021-10-14 15:58:00,39.0,31.0,83.0,24.33,10.0,N,13.0,0.0,Mostly Cloudy,True,False,False,False,False,True,False,False,True,False,False,False,False,Day,Day,Day,Day
C-5188779,2,2020-09-22 20:04:30,2020-09-22 22:22:15,33.697241,-112.134896,33.698341,-112.135782,0.0914897348583,Stationary traffic from W Parkside Ln to N 36th Ave due to roadwork.,23196.0,N 35th Ave,L,Glendale,Maricopa,AZ,85310,US,US/Mountain,KDVT,2020-09-22 19:53:00,95.0,95.0,19.0,28.27,10.0,W,5.0,0.0,Fair,False,False,False,False,False,False,False,False,False,False,False,False,False,Night,Night,Night,Night
C-5188780,4,2021-02-22 12:14:49,2021-02-22 14:18:39,33.462671,-84.210323,33.460241,-84.209153,0.1809355138589999,Closed road at I-75 N due to roadwork.,,I-75 N,R,McDonough,Henry,GA,30253,US,US/Eastern,K6A2,2021-02-22 12:15:00,57.0,57.0,94.0,29.06,10.0,W,10.0,0.0,Cloudy,False,False,False,False,False,False,False,False,False,False,False,False,False,Day,Day,Day,Day
C-5188781,3,2019-09-06 08:32:46,2019-09-10 08:32:30,33.189432000000004,-117.191647,33.182774,-117.177685,0.929203788908,At CR-S12/N Twin Oaks Valley Rd - Construction work. Single alternate lane traffic.,3098.0,Buena Creek Rd,L,Vista,San Diego,CA,92084-7412,US,US/Pacific,KCRQ,2019-09-06 08:53:00,78.0,78.0,71.0,29.67,8.0,CALM,0.0,0.0,Fair,False,False,False,False,False,False,False,False,False,False,False,False,False,Day,Day,Day,Day
C-5188783,2,2020-10-07 20:38:30,2020-10-07 21:03:30,40.758515,-73.833213,40.759511,-73.830321,0.166264968123,Slow traffic from Grand Central Pkwy/114th St (Roosevelt Ave) to Parsons Blvd (Roosevelt Ave) due to roadwork.,13350.0,Roosevelt Ave,R,Flushing,Queens,NY,11354-5255,US,US/Eastern,KLGA,2020-10-07 20:51:00,67.0,67.0,44.0,29.72,10.0,N,15.0,0.0,Mostly Cloudy,True,False,True,False,False,False,True,False,True,False,False,True,False,Night,Night,Night,Night
C-5188784,4,2019-09-23 04:02:57,2019-09-23 09:01:17,33.77875,-117.88096000000002,33.77874,-117.87904,0.11026740635,Ramp closed to I-5 and CA-57 NB and N Main St - Closed due to roadwork.,,CA-22 E,R,Santa Ana,Orange,CA,92706,US,US/Pacific,KSNA,2019-09-23 03:53:00,70.0,70.0,81.0,29.83,10.0,CALM,0.0,0.0,Fair,False,False,False,False,False,False,False,False,False,False,False,False,False,Night,Night,Night,Night
C-5188785,2,2020-04-13 19:05:50,2020-04-14 06:00:00,39.69464,-83.46002,39.82466,-83.14085,19.1857199918,Between OH-41/OH-734/Exit 69 and US-62/OH-3/Exit 94 - Roadwork. Roadway reduced to 1 lane.,,I-71 N,R,Bloomingburg,Fayette,OH,43106,US,US/Eastern,KILN,2020-04-13 18:54:00,43.0,36.0,60.0,28.93,10.0,W,13.0,0.0,Mostly Cloudy,False,False,False,False,True,False,False,False,False,False,False,False,False,Day,Day,Day,Day
C-5188786,2,2021-08-11 14:11:00,2021-08-11 16:22:37,39.70719,-84.029135,39.710086,-84.02885699999999,0.200639424357,Slow traffic from Shakertown Rd / Yellow Brick Rd to Nutter Park Ln due to roadwork.,669.0,Factory Rd,L,Dayton,Greene,OH,45434-6217,US,US/Eastern,KFFO,2021-08-11 13:56:00,88.0,88.0,57.0,29.13,10.0,SSW,17.0,0.0,Mostly Cloudy,False,False,False,False,False,False,False,False,False,False,False,False,False,Day,Day,Day,Day
C-5188787,2,2021-07-10 12:45:30,2021-07-10 13:09:30,33.631383,-111.895499,33.629639000000005,-111.890989,0.286072219651,Stationary traffic from Greenway Hayden Loop (E Frank Lloyd Wright Blvd) to AZ-101/Pima Rd (E Frank Lloyd Wright Blvd) due to roadwork.,8569.0,E Frank Lloyd Wright Blvd,L,Scottsdale,Maricopa,AZ,85260-1901,US,US/Mountain,KSDL,2021-07-10 12:53:00,103.0,103.0,27.0,28.22,9.0,VAR,6.0,0.0,Fair,False,False,True,True,False,False,False,False,False,False,False,True,False,Day,Day,Day,Day
C-5188788,2,2021-10-12 20:01:00,2021-10-13 06:46:00,34.038412,-118.674518,34.034918,-118.701591,1.5687860727,Lane closure due to Utility Work between Cross Creek Rd and Cross Creek Rd,22919.0,Pacific Coast Hwy,R,Malibu,Los Angeles,CA,90265-4934,US,US/Pacific,KSMO,2021-10-12 19:51:00,63.0,63.0,27.0,29.73,10.0,VAR,3.0,0.0,Fair,False,False,True,False,False,False,False,False,False,False,False,False,False,Night,Night,Night,Night
C-5188789,4,2021-12-15 11:39:00,2021-12-16 00:00:00,34.236884,-117.840472,34.239155,-117.851277,0.6368161427929999,Bridge closure from Upper Monroe Rd to San Gabriel Canyon Rd.,22090.0,E East Fork Rd,L,Azusa,Los Angeles,CA,91702-1466,US,US/Pacific,KEMT,2021-12-15 11:53:00,53.0,53.0,50.0,30.12,10.0,S,3.0,0.0,Fair,False,False,False,False,False,False,False,False,False,False,False,False,False,Day,Day,Day,Day
C-5188790,2,2021-07-12 19:36:00,2021-07-12 20:04:00,38.69436,-83.04661800000002,38.691316,-83.050789,0.307944526398,Stationary traffic on KY-8 from US-23 (KY-8) to Lick Creek Rd (KY-8) due to roadwork.,18798.0,E KY 8,R,South Portsmouth,Lewis,KY,41174-8850,US,US/Eastern,KHTS,2021-07-12 19:51:00,83.0,83.0,63.0,29.19,10.0,CALM,0.0,0.0,Fair,False,False,False,False,False,False,False,False,False,False,False,False,False,Day,Day,Day,Day
C-5188791,2,2021-09-26 21:27:30,2021-09-26 23:29:46,27.893563,-82.787025,27.895501,-82.78704300000003,0.133907558459,Slow traffic on US-19 Alt N - FL-595 from Walsingham Rd (US-19 Alt) to 8th Ave (US-19 Alt) due to roadwork.,13359.0,Seminole Blvd,L,Largo,Pinellas,FL,33773,US,US/Eastern,KPIE,2021-09-26 21:53:00,81.0,81.0,74.0,30.07,10.0,ESE,7.0,0.0,Fair,False,False,False,False,False,False,False,False,True,False,False,False,False,Night,Night,Night,Night
C-5188792,2,2021-01-20 14:33:00,2021-01-21 00:00:30,27.772164,-82.335096,27.766681,-82.335132,0.378845612455,Slow traffic on US-301 S - FL-43 - County Hwy-672 from CR-672/Big Bend Rd (US-301) to FL-674/Sun City Center Blvd (US-301) due to roadwork.,14211.0,US Highway 301 S,L,Riverview,Hillsborough,FL,33578,US,US/Eastern,KTPF,2021-01-20 14:35:00,73.0,73.0,33.0,30.19,10.0,W,5.0,0.0,Fair,False,False,False,False,False,False,False,False,False,False,False,False,False,Day,Day,Day,Day
C-5188793,2,2020-12-29 17:00:00,2020-12-29 23:45:00,37.612468,-77.33730200000002,37.612201,-77.338699,0.0786558832038999,Construction on US-360 WB near SUJEN CT Drive with caution.,7020.0,Mechanicsville Tpke,L,Mechanicsville,Hanover,VA,23111-7101,US,US/Eastern,KRIC,2020-12-29 16:54:00,40.0,33.0,43.0,30.33,10.0,NNE,12.0,0.0,Fair,False,False,False,False,False,False,False,False,False,False,False,False,False,Night,Day,Day,Day
C-5188794,4,2021-07-05 15:37:09,2021-07-12 23:59:00,33.882079,-84.219544,33.882126,-84.219266,0.0162734985339999,Closed road from Tucker Norcross Rd to Tucker due to roadwork.,3170.0,Tucker Norcross Rd,L,Tucker,DeKalb,GA,30084-2123,US,US/Eastern,KPDK,2021-07-05 15:53:00,87.0,,41.0,28.99,10.0,,,0.0,Fair,False,False,False,False,False,False,False,False,False,False,False,False,False,Day,Day,Day,Day
C-5188795,2,2021-03-27 20:03:00,2021-03-28 01:21:00,29.773861,-98.038805,29.743831,-98.060785,2.45830646229,Slow traffic on Vetter Memorial Hwy - I-35 S from Watson Ln/Exit 195 (I-35) to Conrads Ln/Kohlenberg Rd/Exit 193 (I-35) due to roadwork.,,I-35 S,R,New Braunfels,Comal,TX,78130,US,US/Central,KBAZ,2021-03-27 19:51:00,80.0,80.0,48.0,29.1,10.0,NNE,6.0,0.0,Fair,False,False,False,False,False,False,False,False,False,False,False,False,False,Night,Day,Day,Day
C-5188796,2,2020-09-18 20:47:00,2020-09-18 21:01:30,34.89872800000001,-97.346441,34.90752,-97.352969,0.711232368275,Queuing traffic on I-35 from OK-145/Exit 79 (I-35) to OK-59/Exit 86 (I-35) due to roadwork.,,I-35 N,R,Wayne,McClain,OK,73095,US,US/Central,KPVJ,2020-09-18 20:55:00,66.0,66.0,80.0,29.12,10.0,NE,3.0,0.0,Fair,False,False,False,False,False,False,False,False,False,False,False,False,False,Night,Night,Night,Day
C-5188797,4,2019-09-17 14:58:26,2019-09-22 13:15:35,41.45719,-83.56011,41.45797,-83.62042,3.12342489552,Closed at I-75 - Closed due to roadwork.,20998.0,McCutcheonville Rd,L,Bowling Green,Wood,OH,43402-8622,US,US/Eastern,KTDZ,2019-09-18 12:53:00,79.0,79.0,42.0,29.54,10.0,E,10.0,0.0,Fair,False,False,False,False,False,False,False,False,False,False,False,False,False,Day,Day,Day,Day
C-5188798,2,2019-10-06 22:00:00,2021-12-31 17:01:07,38.085235,-120.156332,38.072055,-120.179955,1.57480525998,Stationary traffic on CA-108 from Lyons Creek Rd (Sonora Pass Hwy/CA-108) to CR-E17/N Tuolumne Rd/Twain Harte Dr (Sonora Pass Hwy/CA-108) due to roadwork.,21999.0,Lakeview Dr,R,Mi Wuk Village,Tuolumne,CA,95346-9706,US,US/Pacific,KO22,2021-12-27 17:55:00,36.0,36.0,100.0,27.62,10.0,CALM,0.0,0.02,Mostly Cloudy,False,False,False,False,False,False,False,False,False,False,False,False,False,Night,Night,Night,Night
C-5188799,2,2021-09-10 16:04:32,2021-09-10 18:06:21,25.940336,-80.1887,25.941481,-80.190011,0.113550076148,Slow traffic on FL-915 - FL-860 from NE 177th St to I-95 S due to roadwork.,17939.0,NE 6th Ave,R,Miami,Miami-Dade,FL,33162-1905,US,US/Eastern,KHWO,2021-09-10 16:05:00,86.0,86.0,65.0,29.97,10.0,SSE,8.0,0.0,Light Rain with Thunder,False,False,False,False,False,False,False,False,False,False,False,False,False,Day,Day,Day,Day
C-5188800,2,2021-09-03 17:31:30,2021-11-10 19:45:50,33.480448,-112.135674,33.48147,-112.134371,0.103076665819,Stationary traffic from N 36th Ave to W Catalina Dr due to roadwork.,3557.0,W Thomas Rd,L,Phoenix,Maricopa,AZ,85019-4422,US,US/Mountain,KGEU,2021-09-03 17:58:00,100.0,100.0,27.0,28.58,10.0,SSW,8.0,0.0,Fair,False,False,False,False,False,False,False,False,False,False,False,False,False,Day,Day,Day,Day
C-5188801,2,2021-09-20 16:13:30,2021-09-20 18:15:04,33.41682,-111.856576,33.413601,-111.856642,0.222444286526,Slow traffic from W University Dr (N Alma School Rd) to W Broadway Rd (S Alma School Rd) due to roadwork.,84.0,N Alma School Rd,L,Mesa,Maricopa,AZ,85201-6234,US,US/Mountain,KFFZ,2021-09-20 15:51:00,97.0,97.0,15.0,28.69,10.0,VAR,7.0,0.0,Partly Cloudy,False,False,False,False,False,False,False,False,False,False,False,False,False,Day,Day,Day,Day
C-5188802,2,2021-07-23 10:33:00,2021-07-23 12:36:47,38.935566,-77.058512,38.936819,-77.059235,0.0948943099339,Slow traffic from Ordway St NW to Klingle Rd NW due to roadwork.,,Ordway St NW,R,Washington,District of Columbia,DC,20008,US,US/Eastern,KDCA,2021-07-23 10:52:00,79.0,79.0,44.0,30.18,10.0,ENE,10.0,0.0,Mostly Cloudy,False,False,False,False,False,False,True,False,True,False,False,True,False,Day,Day,Day,Day
C-5188803,3,2021-04-22 04:13:18,2021-04-22 06:40:00,41.399399,-72.85039499999998,,,0.0,Left lane closed due to construction on I-91 Southbound at Exit 12 US-5 Washington Ave.,,I-91 N,R,North Haven,New Haven,CT,06473,US,US/Eastern,KMMK,2021-04-22 03:53:00,34.0,30.0,61.0,29.59,10.0,WNW,5.0,0.0,Cloudy,False,False,False,False,False,False,False,False,False,False,False,False,False,Night,Night,Night,Night
C-5188804,2,2021-03-04 06:17:00,2021-03-04 19:03:30,40.70227,-73.811542,40.701762,-73.807939,0.191963126071,Slow traffic from I-678/Van Wyck Expy (Jamaica Ave) to Sutphin Blvd (Jamaica Ave) due to roadwork.,14304.0,Jamaica Ave,R,Jamaica,Queens,NY,11435-3622,US,US/Eastern,KJFK,2021-03-04 05:51:00,40.0,33.0,60.0,29.82,10.0,NW,13.0,0.0,Fair,True,False,True,False,False,False,False,False,True,False,False,True,False,Night,Day,Day,Day
C-5188805,2,2021-12-07 08:53:00,2021-12-07 09:13:30,33.859703,-117.886456,33.859627,-117.898055,0.665519160543,Slow traffic from Placentia Ave (Orangethorpe Ave) to Raymond Ave (Orangethorpe Ave) due to roadwork.,2276.0,E Orangethorpe Ave,R,Anaheim,Orange,CA,92806-1229,US,US/Pacific,KFUL,2021-12-07 08:53:00,58.0,58.0,84.0,29.88,2.0,CALM,0.0,0.0,Haze,False,False,False,False,False,False,False,False,False,False,False,True,False,Day,Day,Day,Day
C-5188806,2,2020-01-13 06:46:00,2020-01-14 06:00:00,41.55138400000001,-73.05304699999998,,,0.0,One lane closed due to construction on CT-8 Southbound at Exit 31 / I-84.,,CT-8 S,R,Waterbury,New Haven,CT,06708,US,US/Eastern,KOXC,2020-01-13 06:51:00,32.0,26.0,82.0,29.64,10.0,E,6.0,0.0,Cloudy,False,False,False,False,False,False,False,False,False,False,False,False,False,Night,Day,Day,Day
C-5188807,2,2020-12-09 15:01:00,2020-12-10 00:01:00,36.964693,-120.055289,36.965286,-120.054384,0.0646132252539,Alternating Lanes closure due to Utility Work between A Street and Lake Street,,S A St,R,Madera,Madera,CA,93638,US,US/Pacific,KMAE,2020-12-09 14:53:00,64.0,64.0,37.0,29.74,7.0,W,6.0,0.0,Fair,False,False,False,False,False,False,False,False,False,False,False,False,False,Day,Day,Day,Day
C-5188808,2,2021-05-05 05:56:00,2021-05-05 15:28:06,33.47061,-111.926201,33.46567,-111.924489,0.3552986083609999,Slow traffic from E Oak St to N Innovation Pl due to roadwork.,2061.0,N Scottsdale Rd,L,Scottsdale,Maricopa,AZ,85257-2124,US,US/Mountain,KPHX,2021-05-05 05:51:00,70.0,70.0,27.0,28.71,10.0,SE,3.0,0.0,Fair,False,False,False,False,False,False,False,False,False,False,False,False,False,Day,Day,Day,Day
C-5188809,2,2021-01-15 12:35:30,2021-01-16 04:42:51,33.494681,-112.217762,33.493772,-112.22056200000002,0.173129335145,Slow traffic from N 73rd Ave to W Clarendon Ave due to roadwork.,7371.0,W Indian School Rd,L,Phoenix,Maricopa,AZ,85033-3137,US,US/Mountain,KGEU,2021-01-15 12:58:00,72.0,72.0,13.0,28.97,10.0,CALM,0.0,0.0,Fair,False,False,False,False,False,False,False,False,False,False,False,False,False,Day,Day,Day,Day
C-5188810,2,2021-03-15 06:33:30,2021-03-15 18:32:45,27.082756,-82.425938,27.078985,-82.423754,0.293152739444,Slow traffic on FL-45 - US-41 S from Corporation Way to Ogden Rd due to roadwork.,1278.0,US Highway 41 Byp S,L,Venice,Sarasota,FL,34285-5541,US,US/Eastern,KVNC,2021-03-15 06:53:00,60.0,60.0,93.0,30.05,10.0,ESE,3.0,0.0,Fair,False,False,False,False,False,False,False,False,False,False,False,False,False,Night,Night,Night,Day
C-5188811,3,2019-08-16 21:02:16,2019-08-20 21:02:08,39.95162,-75.18254,39.959142,-75.180581,0.5299761211940001,At I-676/US-30/Exit 344/Exit 345 - Roadwork. Roadway reduced to 1 lane.,,Walnut St,R,Philadelphia,Philadelphia,PA,19104,US,US/Eastern,KPHL,2019-08-16 20:54:00,79.0,79.0,77.0,29.97,10.0,SE,7.0,0.0,Partly Cloudy,False,False,True,False,True,False,False,False,False,False,False,True,False,Night,Night,Night,Day
C-5188812,2,2021-08-22 16:35:07,2021-08-23 17:20:16,41.262559,-96.044727,41.263275,-96.047744,0.164317596437,Construction on US-6 NB near 85TH ST Allow extra time.,8510.0,W Dodge Rd,R,Omaha,Douglas,NE,68114-3404,US,US/Central,KMLE,2021-08-22 16:35:00,84.0,84.0,58.0,28.77,10.0,SE,17.0,0.0,Fair,False,False,True,False,False,False,False,False,False,True,False,False,False,Day,Day,Day,Day
C-5188813,2,2021-09-30 11:15:00,2021-09-30 13:37:47,40.677976,-73.942359,40.677047,-73.938695,0.202438376966,Slow traffic from Brooklyn Ave to Pacific St due to roadwork.,1492.0,Atlantic Ave,L,Brooklyn,Kings,NY,11216-2813,US,US/Eastern,KJRB,2021-09-30 10:51:00,60.0,,57.0,30.0,10.0,,,0.0,Fair,False,False,False,False,False,False,False,False,False,False,False,True,False,Day,Day,Day,Day
C-5188814,3,2018-05-07 19:00:00,2018-05-09 03:30:00,47.064735,-91.602935,47.095866,-91.558388,3.0032747640400004,At Gate 11 Rd - Construction work.,1885.0,Highway 61,L,Two Harbors,Lake,MN,55616-2029,US,US/Central,KTWM,2018-05-07 18:55:00,84.2,,25.0,29.91,10.0,West,8.1,,Clear,False,False,False,False,False,False,False,False,False,False,False,False,False,Day,Day,Day,Day
C-5188815,2,2021-03-17 08:37:59,2021-03-18 09:23:49,39.048257,-76.917815,39.049361,-76.919333,0.111594011534,Construction on MD-212 WB near ROBY AVE Expect long delays.,4411.0,Powder Mill Rd,R,Beltsville,Prince George's,MD,20705-2752,US,US/Eastern,KCGS,2021-03-17 08:35:00,40.0,40.0,90.0,30.11,3.0,CALM,0.0,0.0,Cloudy,False,False,False,False,False,False,False,False,False,False,False,False,False,Day,Day,Day,Day
C-5188816,3,2021-12-17 19:00:00,2021-12-18 05:30:00,39.7799,-104.964958,,,0.829999983311,Entry ramp to I-70 Eastbound from Brighton Blvd Southbound intermittent ramp closures due to construction during the night.,4595.0,Wynkoop St,L,Denver,Denver,CO,80216-3722,US,US/Mountain,KBJC,2021-12-17 18:47:00,34.0,21.0,25.0,24.41,10.0,WSW,25.0,0.0,Fair / Windy,False,False,False,False,False,False,False,False,False,False,False,False,False,Night,Night,Night,Night
C-5188817,2,2021-11-13 16:17:32,2021-11-13 18:20:58,28.472857,-81.367824,28.471708000000003,-81.368934,0.1041518983269999,Stationary traffic on FL-527 from Hansel Ave to E Wallace St due to roadwork.,5930.0,Hansel Ave,R,Orlando,Orange,FL,32809,US,US/Eastern,KMCO,2021-11-13 15:53:00,71.0,71.0,90.0,29.84,10.0,NW,8.0,0.0,Light Rain,False,False,True,False,False,False,False,False,True,False,False,True,False,Day,Day,Day,Day
C-5188818,2,2020-09-28 14:14:30,2020-09-29 00:30:00,35.821218,-90.678795,35.821219,-90.677843,0.0533350843423,Stationary traffic from Browns Ln (E Highland Dr) to S Caraway Rd (E Highland Dr) due to construction work.,2283.0,E Highland Dr,L,Jonesboro,Craighead,AR,72401-6127,US,US/Central,KJBR,2020-09-28 13:53:00,72.0,72.0,48.0,29.63,10.0,WNW,9.0,0.0,Fair,False,False,False,False,False,False,False,False,False,False,False,True,False,Day,Day,Day,Day
C-5188819,3,2019-12-02 21:00:00,2019-12-03 05:00:00,29.602568,-98.366989,,,0.0,Restrictions due to construction during the night on TX-1604-LOOP Eastbound at Green Mountain Rd.,,TX-1604,R,San Antonio,Bexar,TX,78247,US,US/Central,KSAT,2019-12-02 20:51:00,49.0,49.0,59.0,29.31,10.0,CALM,0.0,0.0,Fair,False,False,False,False,False,False,False,False,False,False,False,False,False,Night,Night,Night,Night
C-5188820,2,2018-11-07 07:30:00,2018-11-07 16:01:00,38.800388,-104.740517,,,0.0,Intermittent lane closures due to construction during the day time on Farnsworth Dr both ways at Gatewood Dr.,4698.0,Gatewood Dr,L,Colorado Springs,El Paso,CO,80916-2526,US,US/Mountain,KCOS,2018-11-07 07:41:00,33.1,,82.0,30.16,10.0,Calm,,,Mostly Cloudy,False,False,False,False,False,False,False,False,False,False,False,False,False,Day,Day,Day,Day
C-5188821,2,2021-08-29 12:00:00,2021-08-29 14:04:17,28.079392,-80.604952,28.08011500000001,-80.603029,0.127427260425,Slow traffic on US-192 E - US-192 W from FL-507/S Babcock St (US-192) to FL-A1A/S Miramar Ave (US-192) due to roadwork.,1900.0,Depot Dr,R,Melbourne,Brevard,FL,32901,US,US/Eastern,KMLB,2021-08-29 11:53:00,87.0,87.0,69.0,30.07,10.0,ESE,13.0,0.0,Fair,True,False,True,False,False,False,True,False,False,False,False,False,False,Day,Day,Day,Day
C-5188822,2,2020-10-10 08:28:33,2020-10-10 12:45:00,40.801752,-73.931196,40.803342,-73.929226,0.150614877312,Construction construction on Willis Avenue Bridge northbound ramp from 1st Avenue (New York) right lane closed until 5:00 A.M.,,Willis Avenue Brg,R,New York,New York,NY,10035,US,US/Eastern,KNYC,2020-10-10 08:51:00,61.0,61.0,78.0,29.95,10.0,VAR,5.0,0.0,Fair,False,False,True,False,False,False,False,False,False,False,False,True,False,Day,Day,Day,Day
C-5188823,4,2017-10-03 06:02:26,2017-10-03 12:02:26,37.25257,-97.403637,37.265899,-97.4037,0.920952705613,At Harvey Ave - Roadwork.,204.0,S Hoover Rd,R,Wellington,Sumner,KS,67152,US,US/Central,KWLD,2017-10-03 05:54:00,71.1,,90.0,30.02,10.0,SSE,12.7,,Mostly Cloudy,False,False,False,False,False,False,False,False,False,False,False,False,False,Night,Night,Night,Day
C-5188824,2,2020-11-25 13:16:30,2020-11-25 22:09:39,42.151807,-87.968312,42.153217,-87.961826,0.346222596297,Stationary traffic from N Arlington Heights Rd (W Lake Cook Rd) to Buffalo Grove Rd (Buffalo Grove) (West) (W Lake Cook Rd) due to roadwork.,425.0,W Lake Cook Rd,L,Buffalo Grove,Cook,IL,60089,US,US/Central,KPWK,2020-11-25 13:09:00,47.0,45.0,93.0,29.04,5.0,NE,5.0,0.01,Light Rain,False,False,True,False,False,False,False,False,False,False,False,True,False,Day,Day,Day,Day
C-5188825,3,2020-11-20 00:00:00,2020-11-20 23:59:00,39.953098,-75.134979,,,0.0,Roadway reduced to three lanes due to bridge maintenance work on I-676 Westbound at Benjamin Franklin Brg.,,Benjamin Franklin Brg,R,Philadelphia,Philadelphia,PA,19106,US,US/Eastern,KPHL,2020-11-20 00:54:00,46.0,41.0,61.0,30.41,10.0,SSW,9.0,0.0,Cloudy,False,False,False,False,False,False,False,False,False,False,False,False,False,Night,Night,Night,Night
C-5188826,2,2021-05-08 07:35:00,2021-05-08 17:38:20,33.525026000000004,-112.065,33.523747,-112.065909,0.102716717703,Stationary traffic from E Rose Ln to N 4th Pl due to roadwork.,6005.0,N 7th St,R,Phoenix,Maricopa,AZ,85014-1802,US,US/Mountain,KPHX,2021-05-08 07:51:00,71.0,71.0,23.0,28.65,10.0,ESE,7.0,0.0,Fair,True,False,False,False,False,True,False,False,True,False,False,False,False,Day,Day,Day,Day
C-5188827,2,2020-04-17 05:31:33,2020-04-18 05:31:33,39.18059,-94.49309,39.18059,-94.49309,0.0,At Parvin Rd/Exit 54 - Roadwork. Left lane closed.,,NE 48th St,R,Kansas City,Clay,MO,64117,US,US/Central,KMKC,2020-04-17 05:54:00,35.0,26.0,89.0,29.26,10.0,N,13.0,0.0,Cloudy,False,False,False,False,False,False,False,False,False,False,False,False,False,Night,Night,Night,Day
C-5188828,2,2021-08-20 14:01:30,2021-08-20 16:21:17,35.126709000000005,-106.619896,35.123806,-106.622018,0.2336913896699999,Slow traffic from Albuquerque to I-25 S due to roadwork.,3699.0,Pan American Fwy NE,L,Albuquerque,Bernalillo,NM,87107-4758,US,US/Mountain,KABQ,2021-08-20 13:52:00,82.0,82.0,26.0,24.7,10.0,WNW,20.0,0.0,Partly Cloudy,False,False,False,False,False,False,False,False,False,False,False,False,False,Day,Day,Day,Day
C-5188829,2,2018-07-23 19:00:00,2018-07-27 05:00:00,37.386189,-121.975479,,,0.409999996424,Entry ramp to US-101 Northbound from Great America Pkwy Northbound closed due to utility work.,,Bayshore Fwy N,R,Santa Clara,Santa Clara,CA,95054,US,US/Pacific,KSJC,2018-07-23 18:53:00,75.9,,50.0,30.0,10.0,WNW,12.7,,Mostly Cloudy,False,False,False,False,False,False,False,False,False,False,False,False,False,Day,Day,Day,Day
C-5188830,4,2021-04-11 01:50:00,2021-09-14 05:46:00,35.353177,-119.003101,35.35262700000001,-119.006391,0.189255351625,Construction on CA-58 WB near UNION AVE Take alternate route.,,S Union Ave,R,Bakersfield,Kern,CA,93304,US,US/Pacific,KBFL,2021-09-13 20:54:00,86.0,86.0,23.0,29.28,9.0,NE,6.0,0.0,Smoke,False,False,False,False,False,False,False,False,False,False,False,False,False,Night,Night,Night,Night
C-5188831,4,2020-03-20 19:02:13,2020-03-21 00:00:54,41.0679,-75.2194,41.16651,-75.27462,7.39479174052,Closed between PA-447/Creek Rd and PA-390 (North) - Closed due to roadwork.,4608.0,Paradise Trl,R,East Stroudsburg,Monroe,PA,18301,US,US/Eastern,KMPO,2020-03-20 18:53:00,60.0,60.0,72.0,27.86,10.0,W,14.0,0.0,Cloudy,False,False,False,False,False,False,False,False,False,False,False,False,False,Day,Day,Day,Day
C-5188832,2,2017-09-07 09:02:25,2017-09-07 15:02:25,39.69836,-75.60085,39.70485,-75.60396,0.4779221426919999,At I-95/Delaware Tpke/Exit 2/Exit 3 - Construction work.,,Airport Rd,R,New Castle,New Castle,DE,19720,US,US/Eastern,KILG,2017-09-07 08:51:00,59.0,,96.0,29.94,6.0,West,8.1,,Overcast,False,False,False,False,True,False,False,False,False,False,False,True,False,Day,Day,Day,Day
C-5188833,2,2021-05-09 06:49:00,2021-05-09 12:14:00,27.329886,-82.541046,27.338442,-82.546728,0.686369598083,Slow traffic on FL-45 - FL-789 - US-41 N from US-301/S Washington Blvd (US-41) to 3rd St/Fruitville Rd (US-41) due to roadwork.,79.0,Bayfront Dr,R,Sarasota,Sarasota,FL,34236-8900,US,US/Eastern,KSRQ,2021-05-09 06:53:00,68.0,68.0,81.0,30.03,10.0,ESE,8.0,0.0,Fair,False,False,True,False,False,False,False,False,False,False,False,True,False,Day,Day,Day,Day
C-5188834,2,2021-12-14 16:45:30,2021-12-14 16:58:30,40.07717,-80.55425699999998,40.09563,-80.51910699999998,2.25372803735,Slow traffic on I-70 E from CR-41/Dallas Pike/Exit 11 (I-70) to WV--PA State Border (I-70) due to roadwork.,,I-70 E,R,Valley Grove,Ohio,WV,26060,US,US/Eastern,KHLG,2021-12-14 16:53:00,49.0,45.0,44.0,29.16,10.0,ENE,9.0,0.0,Fair,False,False,False,False,False,False,False,False,False,False,False,False,False,Day,Day,Day,Day
C-5188835,4,2019-03-16 04:39:16,2019-03-16 09:37:43,33.72061,-117.97198,33.72033,-117.97188,0.0201816872995,Ramp closed to Magnolia St/Exit 15 - Closed due to roadwork.,16585.0,Magnolia St,R,Westminster,Orange,CA,92683-7828,US,US/Pacific,KSLI,2019-03-16 04:58:00,46.8,,60.0,30.02,10.0,North,4.6,,Clear,False,False,False,False,False,False,False,False,False,False,False,False,False,Night,Night,Night,Night
C-5188836,3,2018-07-17 09:56:20,2018-07-17 15:00:00,39.683338,-75.48101,,,0.0,Left lane closed due to construction on I-295 Northbound before Exits 1C 2B 2B-C 2C NJ-140 Hawks Bridge Rd.,,Hawks Bridge Rd,R,Penns Grove,Salem,NJ,08069,US,US/Eastern,KILG,2018-07-17 09:51:00,84.9,,69.0,29.86,10.0,SW,8.1,,Partly Cloudy,False,False,False,False,True,False,False,False,False,False,False,False,False,Day,Day,Day,Day
C-5188837,2,2020-12-21 14:18:00,2020-12-22 03:30:25,27.820092,-82.728432,27.820975,-82.728985,0.0697429211951,Stationary traffic on FL-693 from 51st Ave N to 67th St N due to roadwork.,5339.0,66th St N,R,Saint Petersburg,Pinellas,FL,33709-3125,US,US/Eastern,KPIE,2020-12-21 13:53:00,66.0,66.0,65.0,30.08,10.0,NW,14.0,0.0,Fair,False,False,True,False,False,False,False,False,False,False,False,False,False,Day,Day,Day,Day
C-5188838,2,2020-10-18 17:59:30,2020-10-19 05:38:17,42.727906,-87.961465,42.727242,-87.959321,0.118094893715,Roadwork on WI-20 from Raymond Ave (Washington Ave/WI-20) to I-94/US-41 (Washington Ave/WI-20).,14201.0,Washington Ave,R,Sturtevant,Racine,WI,53177-1214,US,US/Central,KRAC,2020-10-18 17:53:00,43.0,43.0,65.0,29.46,10.0,CALM,0.0,0.0,Fair,False,False,False,False,False,False,False,False,False,False,False,False,False,Day,Day,Day,Day
C-5188839,2,2020-04-16 06:01:00,2020-04-16 16:30:00,41.99287,-120.29808,41.91478,-120.32871000000002,5.62037162929,Between Oregon State Line and Fandango Pass Rd/County Rd 9 - Roadwork on the hard shoulder.,,Highway 395,R,Davis Creek,Modoc,CA,96108,US,US/Pacific,KAAT,2020-04-16 05:55:00,34.0,34.0,70.0,25.62,,CALM,0.0,0.0,Fair,False,False,False,False,False,False,False,False,False,False,False,False,False,Night,Day,Day,Day
C-5188840,2,2021-11-07 15:27:30,2021-11-07 16:00:00,33.423348,-111.926367,33.421446,-111.926319,0.131444832816,Slow traffic from E Rio Salado Pkwy/N Scottsdale Rd (S Rural Rd) to E Apache Blvd (S Rural Rd) due to roadwork.,622.0,S Rural Rd,R,Tempe,Maricopa,AZ,85281,US,US/Mountain,KPHX,2021-11-07 15:51:00,85.0,85.0,15.0,28.72,10.0,CALM,0.0,0.0,Mostly Cloudy,False,False,False,False,False,True,False,False,False,False,False,False,False,Day,Day,Day,Day
C-5188841,2,2021-03-31 15:48:30,2021-03-31 17:49:00,41.252247,-81.499297,41.244736,-81.496782,0.535153857761,Slow traffic on OH-8 S from E Twinsburg Rd (OH-8) to OH-303/W Streetsboro St (OH-8) due to roadwork.,,OH-8 S,R,Hudson,Summit,OH,44236,US,US/Eastern,KPOV,2021-03-31 15:55:00,48.0,44.0,53.0,28.71,10.0,WNW,9.0,0.0,Mostly Cloudy,False,False,False,False,True,False,False,False,False,False,False,False,False,Day,Day,Day,Day
C-5188842,2,2021-03-24 11:19:30,2021-03-24 19:08:29,32.883187,-97.31686,32.897996,-97.317094,1.0232945141,Slow traffic on I-35W N from Basswood Blvd/Exit 59 (I-35W) to Park Glen Blvd/Exit 63 (I-35W) due to roadwork.,,I-35W N,R,Fort Worth,Tarrant,TX,76131,US,US/Central,KFWD,2021-03-24 10:53:00,60.0,60.0,53.0,29.13,10.0,ENE,12.0,0.0,Fair,False,False,False,False,False,False,False,False,False,False,False,False,False,Day,Day,Day,Day
C-5188843,2,2019-03-14 00:44:51,2019-07-06 03:02:14,39.92255,-76.69784,39.96497,-76.68735,2.9831534375700004,Between I-83-BR/Exit 15 and PA-462/Market St/Exit 19 - Roadwork. Lane blocked. Traffic problem.,,I-83 S,R,York,York,PA,17403,US,US/Eastern,KTHV,2019-03-14 00:53:00,41.0,38.0,65.0,30.23,10.0,SSE,4.6,,Clear,False,False,False,False,False,False,False,False,False,False,False,False,False,Night,Night,Night,Night
C-5188844,2,2021-11-03 23:01:30,2021-11-03 23:32:30,36.024824,-96.093689,36.075304,-96.053109,4.15978211657,Stationary traffic on Turner Tpke E - I-44 E from Creek Tpke/Exit 218 (Turner Tpke/I-44) to OK-66/Toll Booth Plaza/Exit 221 (I-44) due to roadwork.,,I-44 E,R,Tulsa,Creek,OK,74131,US,US/Central,KRVS,2021-11-03 22:53:00,47.0,47.0,97.0,29.64,7.0,SSW,3.0,0.0,Cloudy,False,False,False,False,False,False,False,False,False,False,False,False,False,Night,Night,Night,Night
C-5188846,3,2019-01-04 03:20:28,2019-01-04 05:00:00,32.770901,-117.130028,,,1.25,Entry ramp to I-8 Eastbound from I-805 Northbound closed due to construction work.,2882.0,Camino del Rio S,L,San Diego,San Diego,CA,92108-3809,US,US/Pacific,KMYF,2019-01-04 02:53:00,41.0,,73.0,30.05,10.0,Calm,,,Clear,False,False,False,False,False,False,False,False,False,False,False,False,False,Night,Night,Night,Night
C-5188847,2,2018-04-12 20:00:39,2018-04-13 02:00:39,40.767299,-73.996551,40.76206,-74.00133000000002,0.439971856652,At 42nd St - Construction work.,693.0,12th Ave,R,New York,New York,NY,10019-5080,US,US/Eastern,KNYC,2018-04-12 19:51:00,59.0,,51.0,29.83,10.0,Variable,5.8,,Clear,False,False,True,False,False,False,False,False,False,False,False,True,False,Night,Night,Day,Day
C-5188848,2,2021-07-07 08:05:03,2021-07-07 16:22:06,29.444507,-98.360691,29.444964,-98.360672,0.0315963809225,Roadwork from FM-1346 (Foster Rd) to I-10/US-90 (N Foster Rd).,,Interstate 10 E,R,San Antonio,Bexar,TX,78219,US,US/Central,KSAT,2021-07-07 08:16:00,75.0,75.0,87.0,29.08,10.0,NE,10.0,0.0,Mostly Cloudy,False,False,False,False,False,False,False,False,False,False,False,True,False,Day,Day,Day,Day
C-5188850,2,2021-10-07 03:12:30,2021-10-07 03:27:00,42.073225,-122.605932,42.060434,-122.607421,0.887067876612,Slow traffic on OR-99 S - Pacific Highway 1 S - I-5 S from Old Siskiyou Hwy/Exit 6 (I-5) to OR-99/Exit 1 (I-5) due to roadwork.,,I-5 S,R,Ashland,Jackson,OR,97520,US,US/Pacific,KMFR,2021-10-07 02:53:00,45.0,45.0,86.0,28.65,10.0,CALM,0.0,0.0,Fair,False,False,False,False,False,False,False,False,False,False,False,False,False,Night,Night,Night,Night
C-5188851,2,2021-07-04 11:50:30,2021-07-04 12:22:30,33.978384000000005,-81.195026,33.959594,-81.22765600000002,2.27629181073,Stationary traffic on I-20 W from US-1/Exit 58 (I-20) to SC-6/Exit 55 (I-20) due to roadwork.,,I-20 W,R,Lexington,Lexington,SC,29073,US,US/Eastern,KCAE,2021-07-04 11:56:00,83.0,83.0,46.0,29.74,10.0,NE,5.0,0.0,Fair,False,False,False,False,False,False,False,False,False,False,False,False,False,Day,Day,Day,Day
C-5188852,4,2020-07-25 04:01:00,2020-07-25 13:59:00,38.48119000000001,-121.510748,38.481197,-121.509626,0.0606877530705999,Full closure due to Highway Construction between Pocket Rd Oc and Route 5,,Pocket Rd,R,Sacramento,Sacramento,CA,95831,US,US/Pacific,KSAC,2020-07-25 03:53:00,58.0,58.0,81.0,29.84,10.0,S,7.0,0.0,Fair,False,False,True,False,False,False,False,False,False,False,False,False,False,Night,Night,Night,Night
C-5188853,2,2019-01-30 22:02:01,2019-02-04 22:01:29,33.63327,-84.3891,33.63089,-84.38671,0.2143485109039999,At I-285/GA-407 - Construction work. Right lane blocked.,4499.0,Old Dixie Rd,R,Atlanta,Fulton,GA,30354-4035,US,US/Eastern,KATL,2019-01-31 21:52:00,42.1,40.2,49.0,30.36,10.0,SE,3.5,,Scattered Clouds,False,False,False,False,False,False,False,False,False,False,False,True,False,Night,Night,Night,Night
C-5188854,2,2020-10-12 18:39:30,2020-10-12 19:07:30,45.985647,-112.512456,45.992597,-112.534136,1.14620362142,Stationary traffic on I-15 from I-90 Bus/I-15 Bus/Harrison Ave/Exit 127 (I-15) to Montana St/Exit 126 (I-90/I-15) due to roadwork.,,I-15 S,R,Butte,Silver Bow,MT,59701,US,US/Mountain,KBTM,2020-10-12 18:53:00,47.0,42.0,34.0,24.53,10.0,WNW,10.0,0.0,Fair,False,False,False,False,True,False,False,False,False,False,False,False,False,Day,Day,Day,Day
C-5188855,2,2020-10-16 14:49:30,2020-10-17 00:31:00,40.435543,-80.146048,40.451802,-80.170776,1.7183486384,Slow traffic on Parkway West - US-22 W - US-30 W - I-376 W - Penn Lincoln Pkwy W from Ridge Road exit [61] to exit [59] due to roadwork.,,I-376 W,R,Pittsburgh,Allegheny,PA,15205,US,US/Eastern,KPIT,2020-10-16 14:51:00,54.0,54.0,35.0,28.86,10.0,NW,6.0,0.0,Fair,False,False,False,False,False,False,False,False,False,False,False,False,False,Day,Day,Day,Day
C-5188856,4,2019-10-10 13:22:09,2019-10-10 17:56:34,43.61169,-116.59445,43.60867,-116.59835,0.285667687442,Closed at I-84/US-30 - Closed due to roadwork.,,Midland Blvd,R,Nampa,Canyon,ID,83687,US,US/Mountain,KMAN,2019-10-10 13:15:00,43.0,39.0,36.0,27.76,10.0,VAR,6.0,0.0,Fair,False,False,False,False,False,False,False,False,False,False,False,True,False,Day,Day,Day,Day
C-5188857,2,2020-10-04 11:38:00,2020-10-04 12:04:30,41.09304,-111.994489,41.08401,-111.986199,0.758707572976,Stationary traffic on I-15 from UT-193/Exit 336 (I-15) to UT-108/Exit 335 (I-15) due to roadwork.,,I-15 S,R,Layton,Davis,UT,84041,US,US/Mountain,KHIF,2020-10-04 11:56:00,69.0,69.0,24.0,25.36,10.0,ESE,6.0,0.0,Fair,False,False,False,False,False,False,False,False,False,False,False,False,False,Day,Day,Day,Day
C-5188858,4,2019-04-28 00:00:00,2019-04-29 06:00:00,40.229741,-76.434124,40.214137,-76.793848,19.0082578686,Closed between Lebanon-Lancaster Int/Exit 266 and I-283/Harrisburg East Intr/Exit 247 - Closed due to roadwork.,,I-76 E,R,Manheim,Lancaster,PA,17545,US,US/Eastern,KLNS,2019-04-28 00:53:00,55.0,55.0,51.0,29.49,10.0,WSW,3.0,0.0,Cloudy,False,False,False,False,False,False,False,False,False,False,False,False,False,Night,Night,Night,Night
C-5188859,2,2020-11-03 18:53:18,2020-11-04 01:10:53,40.801924,-73.916863,40.797714,-73.919963,0.33302067048,Construction construction on RFK Triborough Bridge southbound Bronx Span (New York) to Manhattan Bound (New York) right lane closure,,Bruckner Expy W,R,Bronx,Bronx,NY,10454,US,US/Eastern,KLGA,2020-11-03 18:51:00,52.0,52.0,47.0,30.21,10.0,N,9.0,0.0,Mostly Cloudy,False,False,False,False,True,False,False,False,False,False,False,False,False,Night,Night,Night,Night
C-5188860,2,2021-10-04 13:19:00,2021-10-04 13:43:00,42.155097,-87.954752,42.154373,-87.956046,0.0830389249639999,Slow traffic on County Hwy-W17 - County Hwy-73 from Armstrong Dr to McHenry Rd due to roadwork.,170.0,N Weiland Rd,L,Buffalo Grove,Lake,IL,60089-7047,US,US/Central,KPWK,2021-10-04 12:59:00,71.0,71.0,78.0,29.3,10.0,ENE,10.0,0.0,Mostly Cloudy,False,False,False,False,False,False,False,False,False,False,False,False,False,Day,Day,Day,Day
C-5188861,2,2021-10-16 14:10:00,2021-10-16 16:11:35,25.750249,-80.335835,25.746728,-80.33572,0.2433831778069999,Slow traffic on County Hwy-913 - FL-973 from US-41/Tamiami Trl/SW 8th St (Galloway Rd/SW 87th Ave/FL-973) to FL-976/SW 40th St/Bird Rd (Galloway Rd/SW 87th Ave/FL-973) due to roadwork.,2120.0,SW 87th Ave,R,Miami,Miami-Dade,FL,33165-8218,US,US/Eastern,KMIA,2021-10-16 13:53:00,88.0,88.0,49.0,29.91,10.0,WNW,6.0,0.0,Partly Cloudy,True,False,True,False,False,False,False,False,True,False,False,False,False,Day,Day,Day,Day
C-5188862,2,2020-03-04 07:29:23,2020-03-08 08:31:58,40.19513,-79.24192,40.19633,-79.23883000000002,0.182946457821,At US-30/Lincoln Hwy - Roadwork. Open.,1600.0,Old Linn Run Rd,L,Rector,Westmoreland,PA,15677-1663,US,US/Eastern,KLBE,2020-03-04 07:55:00,37.0,29.0,75.0,28.68,10.0,SSW,14.0,0.0,Fair,False,False,False,False,False,False,False,False,False,False,False,False,False,Day,Day,Day,Day
C-5188863,2,2020-11-02 10:54:00,2020-11-02 13:45:00,37.551215,-77.428067,37.558565,-77.415287,0.864832626052,Construction on I-64 EB near MM 190 Allow extra time.,,I-64 E,R,Richmond,Richmond City,VA,23219,US,US/Eastern,KRIC,2020-11-02 10:54:00,48.0,41.0,34.0,30.01,10.0,NW,18.0,0.0,Fair,False,False,False,False,True,False,False,False,False,False,False,False,False,Day,Day,Day,Day
C-5188864,2,2019-10-19 16:23:26,2020-01-20 22:44:45,40.13058,-74.96449,40.1467,-75.01168,2.73014476051,Between PA-132/Street Rd/Exit 352 and PA-232/2nd St Pike - Construction work.,,Pennsylvania Tpke E,R,Bensalem,Bucks,PA,19020,US,US/Eastern,KPNE,2019-10-19 15:54:00,65.0,65.0,33.0,29.92,10.0,VAR,5.0,0.0,Fair,False,False,False,False,False,False,False,False,False,False,False,False,False,Day,Day,Day,Day
C-5188865,2,2021-10-06 19:28:30,2021-10-06 21:41:43,40.665379,-73.731702,40.663979,-73.729619,0.145859098575,Slow traffic on NY-27 from 246th St to 250th St due to roadwork.,,S Conduit Ave,R,Rosedale,Queens,NY,11422,US,US/Eastern,KJFK,2021-10-06 19:51:00,66.0,66.0,81.0,30.32,10.0,S,5.0,0.0,Cloudy,False,False,False,False,False,False,False,False,False,True,False,False,False,Night,Night,Night,Day
C-5188866,2,2021-12-06 00:21:00,2021-12-07 02:54:30,47.715444,-121.258795,47.777909,-120.825941,20.5678905656,Roadwork on NFD-66 (US-2) from Winton Rd (US-2) to US-2 W - US-2 E.,80410.0,NE Stevens Pass Hwy,L,Skykomish,King,WA,98288,US,US/Pacific,KSMP,2021-12-06 00:53:00,32.0,32.0,73.0,28.29,10.0,W,3.0,0.0,Cloudy,False,False,False,False,False,False,False,False,False,False,False,False,False,Night,Night,Night,Night
C-5188867,2,2021-06-04 20:00:00,2021-06-05 06:00:00,32.973518,-97.028053,,,0.0,Two lanes closed due to construction work on Tx-121 Southbound at Grapevine Mills Blvd.,,TX-121 N,R,Coppell,Dallas,TX,75019,US,US/Central,KDFW,2021-06-04 19:53:00,78.0,78.0,64.0,29.29,10.0,SSE,12.0,0.0,Mostly Cloudy,False,False,False,False,False,False,False,False,False,False,False,False,False,Day,Day,Day,Day
C-5188868,2,2021-11-17 09:00:00,2021-11-30 17:00:00,37.344065,-76.73978199999998,37.345557,-76.740562,0.1116363940379999,On FR-137 in the County of York from E Rochambeau Dr to Oaktree Rd; Rt. 786E/W (York County) motorists can expect potential delays in this area from 11/17/21 at 9:00 AM until 11/30/21 at 5:00 PM due to maintenance activities. The east left shoulder and right shoulder are closed. The west left shoulder and right shoulder are closed.,759.0,E Rochambeau Dr,L,Williamsburg,York,VA,23188-2187,US,US/Eastern,KJGG,2021-11-17 08:55:00,54.0,54.0,77.0,30.25,10.0,SSE,6.0,0.0,Cloudy,False,False,False,False,False,False,False,False,False,False,False,True,False,Day,Day,Day,Day
C-5188869,2,2020-09-27 22:19:00,2020-09-28 00:45:00,45.191048,-93.545976,45.145348,-93.499206,3.89369759086,Slow traffic on I-94 from MN-101/Exit 207 (I-94) to CR-30/95th Ave/Exit 213 (I-94) due to roadwork.,,I-94 E,R,Rogers,Hennepin,MN,55374,US,US/Central,KMIC,2020-09-27 21:53:00,54.0,54.0,90.0,28.85,10.0,WSW,7.0,0.0,Cloudy,False,False,False,False,True,False,False,False,False,False,False,False,False,Night,Night,Night,Night
C-5188870,2,2021-07-19 18:45:46,2021-07-19 21:45:21,29.595977,-95.194655,29.611307,-95.210765,1.4347603456600002,Roadwork on I-45 (Houston) (South) (I-45 HOV) from FM-2553/Scarsdale Blvd/Exit 31 (I-45 HOV) to I-45 N - I-45 S.,,I-45 N,R,Houston,Harris,TX,77034,US,US/Central,KHOU,2021-07-19 18:53:00,90.0,90.0,55.0,29.89,10.0,ESE,7.0,0.0,Mostly Cloudy,False,False,False,False,False,False,False,False,False,False,False,False,False,Day,Day,Day,Day
C-5188871,2,2020-12-02 16:30:00,2020-12-19 00:15:00,33.397033,-111.939644,33.396639,-111.93964,0.027223785145,Construction on MILL AVE near ERIE DR Construction. Expect long delays.,3010.0,S Mill Ave,R,Tempe,Maricopa,AZ,85282,US,US/Mountain,KPHX,2020-12-02 16:51:00,66.0,66.0,10.0,28.87,10.0,NNE,14.0,0.0,Fair,False,False,False,False,False,False,False,False,False,True,False,False,False,Day,Day,Day,Day
C-5188872,2,2020-06-08 10:35:25,2020-06-08 15:00:00,39.3784,-76.6085,39.37046,-76.60983,0.553181674937,At Lake Ave - Roadwork. Right lane closed.,498.0,Regester Ave,L,Baltimore,Baltimore City,MD,21212-1507,US,US/Eastern,KDMH,,,,,,,,,,,True,False,True,False,False,False,False,False,True,False,False,True,False,Day,Day,Day,Day
C-5188873,2,2021-07-05 15:27:30,2021-07-05 19:27:37,36.380382,-121.901419,36.378247,-121.903594,0.1907855711939999,Roadwork on Garrapata Trout Farm Rd (Cabrillo Hwy/CA-1) from Coast Rd (Carmel) (Cabrillo Hwy/CA-1) to CA-1.,38601.0,Highway 1,R,Big Sur,Monterey,CA,93920,US,US/Pacific,KMRY,2021-07-05 15:54:00,68.0,68.0,63.0,29.79,10.0,W,15.0,0.0,Partly Cloudy,False,False,False,False,False,False,False,False,False,False,False,False,False,Day,Day,Day,Day
C-5188874,2,2021-10-14 17:27:30,2021-10-14 19:53:08,33.480207,-112.06612,33.481107,-112.065077,0.0864852780858,Stationary traffic from N 5th St to E Verde Ln due to roadwork.,504.0,E Thomas Rd,L,Phoenix,Maricopa,AZ,85012-3204,US,US/Mountain,KPHX,2021-10-14 17:51:00,79.0,79.0,14.0,28.75,10.0,WSW,8.0,0.0,Fair,False,False,False,False,False,False,False,False,False,False,False,False,False,Day,Day,Day,Day
C-5188875,2,2021-11-13 09:04:00,2021-11-13 09:38:30,25.749454,-80.335813,25.747587,-80.335122,0.135976457128,Slow traffic on County Hwy-913 - FL-973 - FL-972 from SW 21st Ter to SW 84th Ave due to roadwork.,2214.0,SW 87th Ave,R,Miami,Miami-Dade,FL,33165-2090,US,US/Eastern,KMIA,2021-11-13 08:53:00,74.0,74.0,100.0,30.04,10.0,WNW,3.0,0.0,Mostly Cloudy,False,False,True,False,False,False,False,False,True,False,False,False,False,Day,Day,Day,Day
C-5188876,4,2020-09-18 07:54:08,2020-09-25 07:59:00,33.391283,-111.697593,33.391182,-111.697904,0.0192504645992,Closed road from E Superstition Springs Blvd to Phoenix due to roadwork.,6275.0,E Superstition Springs Blvd,L,Mesa,Maricopa,AZ,85206,US,US/Mountain,KFFZ,2020-09-18 07:51:00,81.0,81.0,24.0,28.74,10.0,E,8.0,0.0,Fair,False,False,False,False,False,False,False,False,False,False,False,False,False,Day,Day,Day,Day
C-5188877,2,2020-08-10 16:01:00,2020-08-11 16:56:34,40.689722,-73.565837,40.689822,-73.562927,0.1526117824599999,Construction on SOUTHERN STATE PKWY EB near MERRICK AVE Construction. Right lane closed.,,Southern State Pkwy E,R,Merrick,Nassau,NY,11566,US,US/Eastern,KFRG,2020-08-10 15:53:00,86.0,86.0,63.0,29.91,10.0,S,14.0,0.0,Fair,False,False,False,False,False,False,False,False,False,False,False,False,False,Day,Day,Day,Day
C-5188878,2,2021-12-15 16:30:29,2021-12-15 18:33:50,26.650874,-80.206928,26.65288,-80.203243,0.266443926215,Slow traffic on FL-7 - US-441 N - FL-882 from Wellington Edge Blvd / Wellington Green Mall to Stonehaven Estates Dr due to roadwork.,,Forest Hill Blvd,R,Wellington,Palm Beach,FL,33414,US,US/Eastern,KPBI,2021-12-15 16:41:00,72.0,72.0,93.0,30.15,2.0,E,16.0,0.03,Heavy Rain,False,False,False,False,False,False,False,False,False,False,False,False,False,Day,Day,Day,Day
C-5188879,2,2019-03-13 09:03:20,2019-03-17 09:03:11,41.91882,-72.2633,41.96146,-72.1935,4.64207217638,Between Ruby Rd/Exit 71 and CT-89/Exit 72 - Construction work.,,I-84 E,R,Willington,Tolland,CT,06279,US,US/Eastern,KIJD,2019-03-13 08:52:00,26.1,,71.0,30.38,10.0,Calm,,,Clear,False,False,False,False,False,False,False,False,False,False,False,False,False,Day,Day,Day,Day
C-5188880,2,2021-09-29 06:20:30,2021-09-29 10:00:13,40.682465,-73.979536,40.684075,-73.97765600000002,0.148584257863,Slow traffic from Bergen St to Flatbush Ave due to roadwork.,57.0,4th Ave,L,Brooklyn,Kings,NY,11217-1903,US,US/Eastern,KJRB,2021-09-29 05:51:00,56.0,,60.0,29.87,10.0,,,0.0,Fair,True,False,True,False,False,False,False,False,False,False,False,True,False,Night,Night,Day,Day
C-5188881,2,2021-01-27 17:37:00,2021-01-28 20:52:11,39.999022,-75.195532,39.926056,-75.19431,5.0418857821,Construction on I-76 EB near MP 341 Allow extra time.,,I-76 E,R,Philadelphia,Philadelphia,PA,19131,US,US/Eastern,KPHL,2021-01-27 17:54:00,35.0,26.0,57.0,30.11,10.0,N,14.0,0.0,Cloudy,False,False,False,False,False,False,False,False,False,False,False,False,False,Night,Day,Day,Day
C-5188882,2,2021-05-30 07:00:00,2021-05-30 15:45:00,40.171609,-75.038663,40.171941,-75.039248,0.0384720032881999,Construction on STATE RTE-132 near KNOWLES AVE Drive with caution.,901.0,Street Rd,R,Southampton,Bucks,PA,18966-4728,US,US/Eastern,KPNE,2021-05-30 06:54:00,47.0,43.0,90.0,30.03,10.0,N,9.0,0.11,Light Rain,False,False,False,False,False,False,False,False,False,False,False,True,False,Day,Day,Day,Day
C-5188883,2,2021-04-09 04:44:00,2021-04-09 14:26:55,39.770494,-75.04897,39.758144,-75.047331,0.85773232212,Slow traffic on NJ-42 from College Dr/Black Horse Pike (NJ-42) to Ganttown Rd (Black Horse Pike/NJ-42) due to roadwork.,,N South Fwy S,R,Blackwood,Gloucester,NJ,08012,US,US/Eastern,KPHL,2021-04-09 04:54:00,49.0,49.0,86.0,30.13,10.0,CALM,0.0,0.0,Mostly Cloudy,False,False,False,False,False,False,False,False,False,False,False,True,False,Night,Night,Night,Night
C-5188884,2,2020-06-22 20:23:11,2020-06-23 06:00:00,41.76384,-72.63009,41.77635,-72.57366999999998,3.03317284972,Between CT-15/Exit 57 and US-6/US-44/Middle Tpke/Exit 60 - Roadwork. Two lanes closed.,,US-6 E,R,East Hartford,Hartford,CT,06108,US,US/Eastern,KHFD,2020-06-22 20:53:00,77.0,77.0,74.0,29.88,10.0,SSE,9.0,0.0,Fair,False,False,False,False,False,False,False,False,False,False,False,False,False,Day,Day,Day,Day
C-5188885,2,2021-10-06 16:09:58,2021-10-06 16:29:58,36.401245,-84.443988,36.404134,-84.450763,0.426375079737,Stationary traffic on TN-63 - TN-297 from TN-456/Winona Rd (TN-63) to US-27/Scott Hwy (TN-63) due to roadwork.,5864.0,Baker Hwy,R,Huntsville,Scott,TN,37756-3167,US,US/Eastern,KOQT,2021-10-06 15:53:00,79.0,79.0,64.0,29.15,10.0,E,8.0,0.0,Mostly Cloudy,False,False,False,False,False,False,False,False,False,False,False,False,False,Day,Day,Day,Day
C-5188886,3,2019-05-14 19:32:46,2019-05-18 19:32:14,27.71923,-82.67931999999998,27.71919,-82.68596,0.406139037636,Between I-275/US-19/34th St S and 41st St S - Construction work.,,54th Ave S,R,Saint Petersburg,Pinellas,FL,33711,US,US/Eastern,KSPG,2019-05-14 19:53:00,78.0,78.0,62.0,29.89,10.0,N,3.0,0.0,Fair,False,False,True,False,False,False,False,False,False,False,False,True,False,Day,Day,Day,Day
C-5188887,2,2021-12-27 12:11:30,2021-12-27 17:12:30,43.610004,-122.058573,43.633291,-122.155231,5.09530047482,Slow traffic on OR-58 from Lava Odell Rd (OR-58) to NFD-364 (OR-58) due to roadwork.,,Highway 58,R,Oakridge,Lane,OR,97463,US,US/Pacific,KEUG,2021-12-27 11:54:00,33.0,26.0,85.0,29.46,10.0,SSW,8.0,0.0,Cloudy,False,False,False,False,False,False,False,False,False,False,False,False,False,Day,Day,Day,Day
C-5188888,2,2021-04-05 09:09:30,2021-04-05 10:57:00,36.39685,-84.088135,36.404266,-84.071161,1.07406809107,Slow traffic on TN-63 from TN-9/Indiana Ave (TN-63) to Well Springs Rd/Brown Dr (TN-63) due to roadwork.,2150.0,General Carl W Stiner Hwy,R,La Follette,Campbell,TN,37766-9324,US,US/Eastern,KOQT,2021-04-05 08:53:00,46.0,46.0,76.0,29.25,10.0,CALM,0.0,0.0,Fair,False,False,False,False,False,False,False,False,False,False,False,False,False,Day,Day,Day,Day
C-5188889,2,2021-06-07 17:00:38,2021-06-07 20:04:10,25.843537,-80.30858,25.84255,-80.306168,0.1647621383709999,Stationary traffic on US-27 S - FL-25 from W 29th St / NW 72nd Ave to W 23rd St due to roadwork.,2398.0,W Okeechobee Rd,R,Hialeah,Miami-Dade,FL,33010,US,US/Eastern,KMIA,2021-06-07 16:53:00,86.0,86.0,61.0,30.07,10.0,E,13.0,0.0,Mostly Cloudy,True,False,False,False,False,False,False,False,True,False,False,False,False,Day,Day,Day,Day
C-5188890,2,2021-03-25 08:00:00,2021-03-25 15:15:00,42.750419,-78.49730799999998,42.752593,-78.502734,0.313605116252,Construction on STATE RTE-78 SB near SCHANG RD Construction. Right lane closed.,13143.0,Route 78,R,East Aurora,Erie,NY,14052-9515,US,US/Eastern,KBUF,2021-03-25 07:54:00,52.0,52.0,67.0,29.16,10.0,WSW,16.0,0.0,Fair,False,False,False,False,False,False,False,False,False,False,False,False,False,Day,Day,Day,Day
C-5188891,2,2016-12-01 09:58:13,2016-12-01 15:58:13,40.59297,-73.90811,40.63186,-73.88383,2.97355393541,Between Flatbush Ave/Exit 11 and Rockaway Pky/Exit 13 - Roadwork.,,Belt Pkwy E,R,Brooklyn,Kings,NY,11234,US,US/Eastern,KJRB,2016-12-01 09:56:00,54.0,,59.0,29.67,,West,11.5,,Clear,False,False,False,False,False,False,False,False,False,False,False,False,False,Day,Day,Day,Day
C-5188892,4,2019-02-01 03:04:03,2019-02-01 08:03:52,31.86312,-106.44047,31.90348,-106.44137,2.78911026973,Closed between US-54-BR/TX-478-LOOP/Dyer St and TX-375-LOOP/Woodrow Bean Transmountain Dr - Closed due to roadwork.,,US-54 E,R,El Paso,El Paso,TX,79904,US,US/Mountain,KBIF,2019-02-01 02:58:00,44.6,40.7,45.0,29.92,10.0,ESE,6.9,,Mostly Cloudy,False,False,False,False,False,False,False,False,False,False,False,False,False,Night,Night,Night,Night
C-5188893,2,2020-09-22 15:55:50,2020-09-23 23:43:54,40.715236,-74.005424,40.71363,-74.006757,0.131097217078,Queuing traffic from Walker St (Broadway) to Park Row/Vesey St/Ann St (Broadway) due to major roadwork.,85.0,Duane St,R,New York,New York,NY,10007-1104,US,US/Eastern,KJRB,2020-09-22 15:51:00,71.0,71.0,26.0,29.84,10.0,VAR,6.0,0.0,Fair,True,False,True,False,False,False,True,False,True,False,False,True,False,Day,Day,Day,Day
C-5188894,2,2021-08-13 11:06:05,2021-08-13 12:34:24,47.282244,-97.217873,47.238736,-97.217673,3.00613112656,Slow traffic on ND-18 from ND-200 (Blanchard) (ND-18) to CR-26/18 R St/18th St (ND-18) due to roadwork.,,ND-18,R,Galesburg,Traill,ND,58035,US,US/Central,KS32,2021-08-13 11:15:00,72.0,72.0,35.0,28.71,10.0,WNW,12.0,0.0,Fair,False,False,False,False,False,False,False,False,False,False,False,False,False,Day,Day,Day,Day
C-5188895,2,2021-08-02 14:30:50,2021-08-02 15:19:53,25.856294,-80.26665600000003,25.851707,-80.266563,0.316984263242,Stationary traffic on FL-953 from FL-932/E 49th St (FL-953) to FL-934/E 25th St (FL-953) due to roadwork.,,E 37th St,R,Hialeah,Miami-Dade,FL,33013,US,US/Eastern,KOPF,2021-08-02 14:29:00,84.0,84.0,72.0,30.03,7.0,SW,17.0,0.01,Light Rain with Thunder,False,False,False,False,False,False,False,False,True,False,False,True,False,Day,Day,Day,Day
C-5188896,2,2019-06-25 09:01:53,2019-06-29 09:01:50,36.184334,-79.510531,36.18193,-79.50979,0.171163846118,At NC-1558/Old NC-87 - Construction work. Lane blocked.,2980.0,N NC Highway 87,L,Elon,Alamance,NC,27244-8621,US,US/Eastern,KBUY,2019-06-25 08:54:00,80.0,80.0,60.0,29.31,10.0,WNW,8.0,0.0,Fair,False,False,False,False,False,False,False,False,False,False,False,False,False,Day,Day,Day,Day
C-5188897,3,2021-09-29 03:33:27,2021-09-29 05:01:00,33.857422,-117.978317,,,0.829999983311,Entry ramp to I-5 Northbound from Ca-91 Hov Ln Westbound closed due to bridge maintenance work.,,CA-91 W,R,Anaheim,Orange,CA,92801,US,US/Pacific,KFUL,2021-09-29 03:53:00,63.0,63.0,84.0,29.78,10.0,CALM,0.0,0.0,Cloudy,False,False,False,False,False,False,False,False,False,False,False,False,False,Night,Night,Night,Night
C-5188898,2,2019-07-30 04:15:41,2019-07-30 06:00:00,45.94289000000001,-122.696602,,,0.0,Intermittent lane closures due to construction on WA-503 Lewis River Rd Eastbound at Old Lewis River Rd.,2853.0,Lewis River Rd,L,Woodland,Cowlitz,WA,98674-9624,US,US/Pacific,KSPB,2019-07-30 03:53:00,58.0,58.0,75.0,29.98,10.0,NNW,5.0,0.0,Mostly Cloudy,False,False,False,False,False,False,False,False,False,False,False,False,False,Night,Night,Night,Day
C-5188899,3,2017-05-01 09:00:00,2017-05-01 14:00:00,42.738365,-73.78363,,,0.0,Intermittent lane closures due to bridge maintenance work on I-87 Northbound between Exit 1 County Hwy-471 Central Park Ave and Exit 5 NY-155 Watervliet Shaker Rd.,700.0,Watervliet Shaker Rd,L,Latham,Albany,NY,12110,US,US/Eastern,KALB,2017-05-01 08:51:00,50.0,,80.0,29.97,10.0,SSE,9.2,,Overcast,False,False,False,False,False,False,False,False,False,False,False,False,False,Day,Day,Day,Day
C-5188900,4,2021-12-07 11:51:30,2021-12-31 01:00:19,33.681698,-112.294176,33.681766,-112.289778,0.252905667057,Closed road from N 109th Ave to N 107th Ave due to roadwork.,10898.0,W Deer Valley Rd,L,Sun City,Maricopa,AZ,85373,US,US/Mountain,KGEU,2021-12-07 11:58:00,66.0,66.0,28.0,28.76,10.0,NNE,6.0,0.0,Mostly Cloudy,False,False,True,False,False,False,False,False,False,True,False,True,False,Day,Day,Day,Day
C-5188901,2,2021-02-18 02:04:00,2021-02-18 02:42:30,36.139944,-85.428496,36.134654,-85.33765600000002,5.08205706396,Slow traffic on I-40 E from US-70/Exit 290 (I-40) to US-70/TN-84/Exit 300 (I-40) due to roadwork.,,I-40 E,R,Cookeville,Putnam,TN,38506,US,US/Central,KSRB,2021-02-18 01:55:00,32.0,32.0,100.0,28.93,3.0,N,3.0,0.0,Cloudy,False,False,False,False,False,False,False,False,False,False,False,False,False,Night,Night,Night,Night
C-5188902,2,2021-03-31 14:41:41,2021-03-31 16:31:41,35.807192,-90.678293,35.807292,-90.695237,0.949466315013,Slow traffic on US-49 S - Joe N Martin Expy W - I-555 N - US-63 N from Caraway Rd (US-63) to AR-1 Bus (US-63) due to roadwork.,,I-555 N,R,Jonesboro,Craighead,AR,72401,US,US/Central,KJBR,2021-03-31 14:53:00,57.0,57.0,33.0,30.03,10.0,N,14.0,0.0,Fair,False,False,False,False,False,False,False,False,False,False,False,False,False,Day,Day,Day,Day
C-5188903,2,2021-08-25 20:01:00,2021-08-26 05:46:00,33.132905,-117.086451,33.129437,-117.075873,0.6572797135,Lane closure due to Highway Construction between Broadway / Washington Ave and Oak Hill Dr / 5th Ave,998.0,N Broadway,R,Escondido,San Diego,CA,92025,US,US/Pacific,KRNM,2021-08-25 19:53:00,76.0,76.0,42.0,28.45,10.0,WNW,6.0,0.0,Fair,False,False,True,False,False,False,False,False,False,False,False,True,False,Night,Night,Day,Day
C-5188904,2,2018-06-11 08:01:25,2018-06-11 14:01:25,47.38806500000001,-122.469129,47.38811,-122.46671,0.113199291238,At SW Bank Rd - Construction work. Lane closed.,24136.0,Vashon Hwy SW,R,Vashon,King,WA,98070-7055,US,US/Pacific,KSEA,2018-06-11 07:53:00,52.0,,80.0,30.2,10.0,West,3.5,,Mostly Cloudy,False,False,False,False,False,False,False,False,False,False,False,False,False,Day,Day,Day,Day
C-5188905,2,2021-08-14 17:00:00,2021-08-15 08:45:00,29.683529,-95.349346,29.68335900000001,-95.349828,0.0312261777556,Construction on I-610 FRONTAGE RD EB near CALAIS RD Right Lanes closed. Expect long delays.,4709.0,South Loop E,L,Houston,Harris,TX,77033-2508,US,US/Central,KHOU,2021-08-14 16:53:00,95.0,95.0,43.0,29.97,10.0,ESE,7.0,0.0,Partly Cloudy,False,False,False,False,False,False,False,False,False,False,False,False,False,Day,Day,Day,Day
C-5188906,2,2020-09-30 04:01:00,2020-09-30 12:01:00,34.085587,-117.637041,34.087387,-117.677971,2.34542291531,Alternating Lanes closure due to K-rail Installation between Haven Ave and Indian Hill Blvd,,I-10 W,R,Ontario,San Bernardino,CA,91764,US,US/Pacific,KONT,2020-09-30 03:53:00,72.0,72.0,29.0,28.93,10.0,CALM,0.0,0.0,Fair,False,False,False,False,False,False,False,False,False,False,False,False,False,Night,Night,Night,Night
C-5188907,4,2020-06-03 23:45:46,2020-06-04 04:44:55,32.721059999999994,-97.01963,32.720490000000005,-97.01808,0.0983317367753,Closed at Wellington - Closed due to roadwork. Two lanes closed.,1116.0,W Marshall Dr,R,Grand Prairie,Dallas,TX,75051,US,US/Central,KGPM,2020-06-03 23:55:00,81.0,81.0,61.0,29.27,10.0,S,7.0,0.0,Fair,False,False,True,False,False,False,False,False,False,False,False,True,False,Night,Night,Night,Night
C-5188908,2,2021-11-30 15:42:41,2021-11-30 16:03:17,40.684422,-73.982525,40.682119,-73.97660400000002,0.348660165544,Slow traffic from Nevins St to Flatbush Ave due to roadwork.,276.0,Dean St,R,Brooklyn,Kings,NY,11217-1806,US,US/Eastern,KJRB,2021-11-30 15:51:00,39.0,36.0,62.0,29.83,10.0,SW,5.0,0.0,Cloudy,True,False,False,False,False,False,False,False,True,False,False,True,False,Day,Day,Day,Day
C-5188909,2,2021-04-13 04:28:00,2021-04-13 10:12:00,28.397644,-80.704862,28.404699,-80.705621,0.489631949799,Stationary traffic on FL-3 from Lucas Rd/Mustang Way (N Courtenay Pkwy/FL-3) to FL-528/FL-A1A (N Courtenay Pkwy/FL-3) due to roadwork.,,N Courtenay Pkwy,R,Merritt Island,Brevard,FL,32953,US,US/Eastern,KXMR,2021-04-13 04:56:00,58.0,58.0,89.0,29.95,10.0,W,3.0,0.0,Fair,False,False,False,False,False,False,False,False,False,False,False,True,False,Night,Night,Night,Night
C-5188910,2,2021-07-22 17:20:17,2021-07-22 17:41:00,40.227581,-79.590747,40.232758,-79.5831,0.5391292985130001,Slow traffic on US-119 N from PA-66 Toll (US-119) to Depot St (3rd St/4th St/US-119) due to roadwork.,,US-119 N,R,New Stanton,Westmoreland,PA,15672,US,US/Eastern,KLBE,2021-07-22 17:47:00,75.0,75.0,41.0,28.94,20.0,WNW,8.0,0.0,Fair,False,False,False,False,False,False,False,False,False,False,False,False,False,Day,Day,Day,Day
C-5188911,2,2019-08-01 23:06:56,2021-02-04 04:41:48,33.950871,-105.779802,34.016697,-105.734909,5.22502009163,Construction on US-54 NB near MM 145 Expect delays.,,US Highway 54,R,Carrizozo,Lincoln,NM,88301,US,US/Mountain,KSRR,2019-08-01 22:55:00,72.0,72.0,43.0,23.6,10.0,E,5.0,0.0,Partly Cloudy,False,False,False,False,False,False,False,False,False,False,False,False,False,Night,Night,Night,Night
C-5188912,2,2020-10-10 15:32:00,2020-10-11 07:02:04,35.649444,-78.375887,35.64862700000001,-78.386227,0.5832821251739999,Roadwork on NC-42 from Buffalo Rd (NC-42) to US-70/Rose St (NC-42).,3427.0,NC Highway 42 E,L,Clayton,Johnston,NC,27527-8850,US,US/Eastern,KJNX,2020-10-10 15:35:00,79.0,79.0,69.0,29.86,10.0,S,3.0,0.0,Mostly Cloudy,False,False,False,False,False,False,False,False,False,False,False,False,False,Day,Day,Day,Day
C-5188913,3,2020-01-23 13:50:36,2020-01-27 13:50:13,34.06705,-118.39577,34.06707,-118.39919,0.19575124754,At Beverly Dr - Roadwork.,9348.0,Wilshire Blvd,L,Beverly Hills,Los Angeles,CA,90212-3201,US,US/Pacific,KSMO,2020-01-23 13:51:00,63.0,63.0,67.0,29.86,10.0,WSW,10.0,0.0,Fair,False,False,False,False,False,False,False,False,True,False,False,True,False,Day,Day,Day,Day
C-5188914,2,2019-05-22 13:24:45,2019-05-26 13:24:30,39.55874,-104.999732,39.56161,-104.99343,0.38988871244,At Broadway - Roadwork.,,CO-470 E,R,Littleton,Douglas,CO,80129,US,US/Mountain,KAPA,2019-05-22 13:53:00,45.0,39.0,60.0,24.02,10.0,E,12.0,0.0,Cloudy,False,False,False,False,False,False,False,False,False,False,False,False,False,Day,Day,Day,Day
C-5188915,2,2020-09-08 13:57:47,2020-09-08 23:38:34,40.718155,-73.757214,40.721823,-73.759974,0.291750564915,Slow traffic from Jamaica Ave (Francis Lewis Blvd) to Grand Central Pkwy/McLaughlin Ave (Francis Lewis Blvd) due to resurfacing work.,9001.0,Francis Lewis Blvd,L,Queens Village,Queens,NY,11428-1070,US,US/Eastern,KJFK,2020-09-08 13:51:00,79.0,79.0,65.0,30.17,10.0,S,9.0,0.0,Partly Cloudy,True,False,True,False,False,False,False,False,False,True,False,True,False,Day,Day,Day,Day
C-5188916,2,2021-11-06 13:58:49,2021-11-06 14:46:17,35.158390999999995,-101.883865,35.163829,-101.885085,0.381997506396,Stationary traffic from SW 49th Ave to Teckla Blvd / Cherokee Trl due to roadwork.,4741.0,S Western St,L,Amarillo,Randall,TX,79109-5949,US,US/Central,KAMA,2021-11-06 13:53:00,78.0,78.0,23.0,26.39,10.0,S,20.0,0.0,Fair,False,False,False,False,False,False,False,False,False,False,False,False,False,Day,Day,Day,Day
C-5188917,2,2021-05-28 10:48:40,2021-05-28 12:08:44,28.257628000000004,-81.49458100000003,28.255274,-81.483949,0.667192525066,Slow traffic on US-92 E - US-17 N - US-92 W - US-17 S from CR-532/Osceola Polk Line Rd (US-92/US-17) to CR-535/Broad St/Ham Brown Rd (US-92/US-17) due to roadwork.,5282.0,S Orange Blossom Trl,R,Kissimmee,Osceola,FL,34758,US,US/Eastern,KISM,2021-05-28 10:56:00,82.0,82.0,69.0,29.98,10.0,VAR,3.0,0.0,Fair,False,False,False,False,False,False,False,False,False,False,False,False,False,Day,Day,Day,Day
C-5188918,2,2020-07-13 13:01:00,2020-07-14 01:46:00,38.696168,-120.812739,38.69431,-120.81515,0.182714155964,One-Way Traffic closure due to Electrical Work between Pleasant Valley Rd East - Rt and Fowler Lane - Rt,4179.0,State Highway 49,L,Diamond Springs,El Dorado,CA,95619-9240,US,US/Pacific,KPVF,2020-07-13 12:55:00,90.0,90.0,22.0,27.26,10.0,SW,9.0,0.0,Fair,False,False,False,False,False,False,False,False,False,False,False,False,False,Day,Day,Day,Day
C-5188919,2,2021-10-08 15:36:00,2021-10-08 17:57:07,33.582081,-111.927255,33.582747,-111.925925,0.0893216416994999,Slow traffic from N 71st Pl to E Sahuaro Dr due to roadwork.,7129.0,E Shea Blvd,R,Scottsdale,Maricopa,AZ,85254-5251,US,US/Mountain,KSDL,2021-10-08 15:53:00,88.0,88.0,24.0,28.26,10.0,WSW,3.0,0.0,Fair,False,False,False,False,False,False,False,False,False,False,False,False,False,Day,Day,Day,Day
C-5188920,2,2019-11-12 23:37:29,2020-07-12 06:37:29,40.83155,-81.34666,40.83126,-81.34751,0.0487454292142,At US 62 at the intersection of Harrisburg Rd./Middlebranch Ave. - Roadwork.,,Middlebranch Ave NE,R,Canton,Stark,OH,44705,US,US/Eastern,KCAK,2019-11-12 23:51:00,16.0,6.0,77.0,29.0,10.0,W,7.0,0.0,Mostly Cloudy,False,False,False,False,False,False,False,False,False,False,False,True,False,Night,Night,Night,Night
C-5188921,2,2021-05-28 10:20:30,2021-05-28 10:47:30,39.201926,-84.395954,39.203136,-84.394874,0.10165232239,Stationary traffic from Plainfield Rd (Blue Ash Rd) to E Galbraith Rd (Blue Ash Rd) due to roadwork.,7349.0,Blue Ash Rd,L,Cincinnati,Hamilton,OH,45236,US,US/Eastern,KLUK,2021-05-28 09:53:00,70.0,70.0,81.0,29.29,10.0,S,3.0,0.0,Cloudy,False,False,False,False,False,False,False,False,False,False,False,False,False,Day,Day,Day,Day
C-5188922,2,2021-07-27 19:09:00,2021-07-27 19:29:30,48.06995300000001,-124.280832,48.069762,-124.283099,0.105495800646,Stationary traffic on US-101 S - US-101 N from WA-113/Burnt Mountain Rd (US-101) to Gaydeski Rd (US-101) due to roadwork.,,Burnt Mountain Rd,R,Beaver,Clallam,WA,98305,US,US/Pacific,KUIL,2021-07-27 18:53:00,65.0,65.0,61.0,29.89,10.0,WNW,8.0,0.0,Fair,False,False,False,False,False,False,False,False,False,False,False,False,False,Day,Day,Day,Day
C-5188923,2,2020-02-10 09:00:00,2020-02-21 16:00:00,27.91972,-82.493607,,,1.84000003338,Intermittent lane closures due to construction work on Macdill Ave both ways between El Prado Blvd and Bay To Bay Blvd.,3001.0,W Bay To Bay Blvd,R,Tampa,Hillsborough,FL,33629,US,US/Eastern,KTPF,2020-02-10 08:55:00,66.0,66.0,83.0,30.23,10.0,SE,3.0,0.0,Fair,False,False,False,False,False,False,False,False,True,False,False,False,False,Day,Day,Day,Day
C-5188924,2,2019-03-15 08:32:26,2019-03-19 08:34:16,40.798505,-77.87520699999997,40.795868,-77.870866,0.291122314863,Between Blue Course Dr/W Clinton Ave and PA-26/W Beaver Ave/W College Ave - Roadwork. Open.,792.0,N Atherton St,L,State College,Centre,PA,16803-3531,US,US/Eastern,KUNV,2019-03-15 08:53:00,53.6,,72.0,29.81,10.0,WNW,10.4,,Mostly Cloudy,False,False,True,False,False,False,False,False,False,False,False,True,False,Day,Day,Day,Day
C-5188925,2,2021-06-13 12:56:00,2021-06-13 14:58:27,39.740947,-105.109628,39.740125,-105.10878,0.0724946364575,Stationary traffic on US-40 E - CO-391 - I-70 Bus E from W 15th Pl to Iris St due to roadwork.,1545.0,Kipling St,L,Lakewood,Jefferson,CO,80215-2838,US,US/Mountain,KBJC,2021-06-13 12:51:00,86.0,86.0,33.0,24.52,40.0,CALM,0.0,0.0,Partly Cloudy,False,False,False,False,False,False,False,False,True,False,False,False,False,Day,Day,Day,Day
C-5188926,2,2020-12-02 15:01:00,2021-01-01 08:44:00,37.765908,-120.84878799999998,37.76556,-120.84960900000002,0.0508824357125,Construction on CA-108 WB near 1ST AVE Expect delays.,100.0,S 2nd Ave,R,Oakdale,Stanislaus,CA,95361-3933,US,US/Pacific,KMOD,2020-12-02 14:53:00,63.0,63.0,37.0,29.96,6.0,WNW,3.0,0.0,Haze,True,False,False,False,False,False,False,False,False,False,False,False,False,Day,Day,Day,Day
C-5188927,4,2020-06-23 10:51:34,2020-06-23 15:49:22,40.8187,-72.9663,40.82125,-72.97254000000002,0.370806631866,Closed at I-495/Express Dr/Long Island Expy - Closed due to roadwork.,,Manor Rd,R,Medford,Suffolk,NY,11763,US,US/Eastern,KISP,2020-06-23 10:56:00,81.0,81.0,67.0,29.73,10.0,S,12.0,0.0,Partly Cloudy,False,False,True,False,False,False,False,False,False,False,False,False,False,Day,Day,Day,Day
C-5188928,2,2020-02-15 08:01:32,2020-02-19 08:01:21,36.81947,-76.27112,36.81994,-76.27194,0.0557820293307999,At 20th St - Roadwork. Right lane blocked.,1024.0,Liberty St,R,Chesapeake,Chesapeake,VA,23324-2421,US,US/Eastern,KORF,2020-02-15 07:59:00,32.0,24.0,52.0,30.61,10.0,NE,10.0,0.0,Fair,False,False,False,False,False,False,False,False,False,False,False,True,False,Day,Day,Day,Day
C-5188929,2,2021-08-03 12:57:29,2021-08-03 14:27:55,35.076489,-81.730856,35.073088,-81.756229,1.45386371271,Slow traffic on I-85 S from Hyatt St/Exit 90 (I-85) to Green River Rd/Exit 86 (I-85) due to roadwork.,,I-85 S,R,Gaffney,Cherokee,SC,29341,US,US/Eastern,KEHO,2021-08-03 12:55:00,70.0,70.0,96.0,29.16,5.0,NE,6.0,0.01,Cloudy,False,False,False,False,False,False,False,False,False,False,False,False,False,Day,Day,Day,Day
C-5188930,2,2021-02-07 16:21:00,2021-02-07 20:21:29,41.679444,-86.89397199999998,41.680414,-86.894693,0.0766555886914999,Stationary traffic on US-20 W - US-421 N from E US Highway 20 to Dunes Plz due to roadwork.,4019.0,Franklin St,L,Michigan City,LaPorte,IN,46360-7328,US,US/Central,KMGC,2021-02-07 16:15:00,9.0,0.0,67.0,29.54,10.0,W,5.0,0.0,Cloudy,False,False,False,False,False,False,False,False,False,False,False,False,False,Day,Day,Day,Day
C-5188931,3,2020-09-24 04:00:00,2020-09-24 16:00:00,43.466419,-88.366562,,,1.35000002384,Exit ramp from I-41 Northbound to CR-D closed due to construction work.,,I-41 N,R,Allenton,Washington,WI,53002,US,US/Central,KETB,2020-09-24 03:55:00,52.0,52.0,100.0,28.98,0.25,CALM,0.0,0.0,Fog,False,False,False,False,True,False,False,False,False,False,False,False,False,Night,Night,Night,Night
C-5188933,2,2020-05-24 00:22:32,2020-05-25 00:22:32,33.451809999999995,-112.2383,33.45176,-112.2212,0.985788455248,At N 75th Ave - Construction work.,303.0,N 83rd Ave,R,Phoenix,Maricopa,AZ,85043,US,US/Mountain,KGEU,2020-05-24 00:58:00,75.0,75.0,24.0,28.59,10.0,N,3.0,0.0,Fair,False,False,True,False,False,False,False,False,False,False,False,True,False,Night,Night,Night,Night
C-5188934,2,2021-06-02 20:06:00,2021-12-27 16:08:30,38.465521,-106.341884,38.4578,-106.343995,0.545558655167,Stationary traffic on US-50 W - US-50 E from US-285/Kimberlin Ln (US-50) to CO-114 (US-50) due to roadwork.,,US Highway 50,R,Gunnison,Gunnison,CO,81230,US,US/Mountain,KGUC,2021-12-27 15:56:00,32.0,22.0,52.0,22.22,10.0,WSW,15.0,0.0,Cloudy,False,False,False,False,False,False,False,False,False,False,False,False,False,Day,Day,Day,Day
C-5188935,2,2021-07-26 03:40:45,2021-08-02 03:06:14,32.051322,-82.342504,32.04915,-82.345938,0.250925948782,Roadwork on GA Highway 56 E / Paul Lockley Rd from US Highway 1 S to GA-56.,298.0,GA Highway 56,R,Lyons,Toombs,GA,30436-7604,US,US/Eastern,KVDI,2021-07-26 03:35:00,73.0,73.0,94.0,29.67,10.0,CALM,0.0,0.0,Fair,False,False,False,False,False,False,False,False,False,False,False,False,False,Night,Night,Night,Night
C-5188936,2,2021-11-18 07:29:00,2021-11-18 17:45:00,38.704981,-75.1331,38.70624,-75.13340699999998,0.0885495287238,Construction on OLD LANDING RD near FAIRWAY DR Construction. Right lane closed.,,Betsy Ross Blvd,R,Rehoboth Beach,Sussex,DE,19971,US,US/Eastern,KGED,2021-11-18 07:54:00,57.0,57.0,72.0,30.07,10.0,SW,9.0,0.0,Fair,False,False,False,False,False,False,False,False,False,False,False,False,False,Day,Day,Day,Day
C-5188937,2,2020-07-08 16:01:00,2020-07-08 22:46:00,37.368808,-122.035091,37.370158,-122.040847,0.329544900753,Construction on CA-82 NB near TAAFFE ST Expect delays.,599.0,S Taaffe St,L,Sunnyvale,Santa Clara,CA,94086-7635,US,US/Pacific,KNUQ,2020-07-08 23:15:00,59.0,59.0,82.0,29.85,10.0,NE,3.0,,Fair,False,False,True,False,False,False,False,False,False,False,False,True,False,Day,Day,Day,Day
C-5188938,2,2019-06-04 12:16:56,2019-06-08 12:16:22,33.767136,-84.385389,33.775475,-84.384591,0.57799010342,Between 4th St NE and Pine St NE - Construction work. Lane blocked.,458.0,Peachtree St NE,L,Atlanta,Fulton,GA,30308-3233,US,US/Eastern,KFTY,2019-06-04 12:21:00,76.0,76.0,52.0,29.23,10.0,E,10.0,0.0,Partly Cloudy,False,False,True,False,False,False,False,False,False,False,False,True,False,Day,Day,Day,Day
C-5188939,4,2021-09-06 03:01:00,2021-09-06 11:46:00,33.748551,-118.286222,33.748301,-118.281432,0.275727727158,Construction on CA-47 NB near HARBOR BLVD Use alternate exit ramp.,,CA-47 N,R,San Pedro,Los Angeles,CA,90731,US,US/Pacific,KTOA,2021-09-06 06:50:00,66.0,66.0,94.0,29.83,8.0,VAR,5.0,,Partly Cloudy,False,False,False,False,False,False,False,False,False,False,False,False,False,Night,Night,Night,Night
C-5188940,2,2021-09-25 18:35:00,2021-09-25 22:29:15,33.465964,-112.173254,33.465965000000004,-112.167845,0.311767553708,Stationary traffic from N 59th Ave (W McDowell Rd) to N 43rd Ave (W McDowell Rd) due to roadwork.,,W McDowell Rd,R,Phoenix,Maricopa,AZ,85035,US,US/Mountain,KGEU,2021-09-25 18:58:00,92.0,92.0,24.0,28.69,10.0,SSW,3.0,0.0,Fair,False,False,False,False,False,False,False,False,True,False,False,False,False,Night,Day,Day,Day
C-5188941,1,2018-12-27 05:00:00,2019-12-30 04:58:00,40.712849,-73.96579,,,0.0,Road closed intermittently due to construction on 4th St both ways from Kent Ave to Wythe Ave.,58.0,S 4th St,R,Brooklyn,Kings,NY,11249-5105,US,US/Eastern,KJRB,2018-12-27 04:56:00,42.1,,62.0,30.56,10.0,Calm,,,Overcast,True,False,True,False,False,False,False,False,False,False,False,True,False,Night,Night,Night,Night
C-5188942,2,2018-09-23 08:05:57,2018-09-27 08:05:40,47.15744,-123.09548999999998,47.15744,-123.09548999999998,0.0,At WA-3/Olympic Hwy S/W Golden Pheasant Rd - Roadwork.,1.0,SE Ryan Rd,L,Shelton,Mason,WA,98584-7646,US,US/Pacific,KSHN,2018-09-23 07:53:00,46.0,42.5,89.0,30.12,10.0,West,6.9,,Clear,False,False,False,False,False,False,False,False,False,False,False,False,False,Day,Day,Day,Day
C-5188943,2,2021-06-04 14:20:35,2021-06-04 14:59:20,44.587381,-97.188912,44.586796,-97.210792,1.07741297963,Slow traffic on SD-28 - US-28 W - US-28 E from US-81 (SD-28) to CR-J/446th Ave (SD-28) due to roadwork.,45098.0,SD Highway 28,L,Lake Norden,Hamlin,SD,57248-5926,US,US/Central,KATY,2021-06-04 13:53:00,92.0,92.0,23.0,27.92,10.0,S,15.0,0.0,Fair,False,False,False,False,False,False,False,False,False,False,False,False,False,Day,Day,Day,Day
C-5188944,2,2021-09-13 13:26:30,2021-09-15 03:00:36,34.272657,-84.782533,34.27253,-84.771589,0.624926513242,Roadwork from Great Valley Pkwy to Old Tennessee Hwy NE.,1128.0,Cass White Rd NE,L,Cartersville,Bartow,GA,30121,US,US/Eastern,KVPC,2021-09-13 13:35:00,84.0,84.0,62.0,29.41,10.0,W,8.0,0.0,Fair,False,False,False,False,False,False,False,False,False,False,False,False,False,Day,Day,Day,Day
C-5188945,2,2021-03-12 04:44:00,2021-03-12 11:15:52,28.324473,-82.522304,28.32158,-82.506141,1.00318210908,Slow traffic on FL-52 from FL-589/Suncoast Pkwy (FL-52) to US-41/FL-45/Land O Lakes Blvd (FL-52) due to roadwork.,17709.0,State Road 52,R,Land O Lakes,Pasco,FL,34638-6862,US,US/Eastern,KBKV,2021-03-12 04:44:00,52.0,52.0,93.0,30.23,2.0,CALM,0.0,0.0,Fog,False,False,False,False,False,False,False,False,False,False,False,False,False,Night,Night,Night,Night
C-5188946,2,2021-04-18 18:40:00,2021-04-18 20:39:00,32.791584,-96.732854,32.79146,-96.737415,0.26505579061,Stationary traffic on R L Thornton Fwy W - US-67 S - I-30 W from Galloway Ave exit [57] to Ervay St exit [45] due to roadwork.,,I-30 W,R,Dallas,Dallas,TX,75223,US,US/Central,KDAL,2021-04-18 18:53:00,67.0,67.0,30.0,29.52,10.0,NNW,10.0,0.0,Fair,False,False,False,False,False,False,False,False,False,False,False,False,False,Day,Day,Day,Day
C-5188947,2,2021-08-19 09:58:44,2021-08-20 10:44:54,39.582047,-75.972279,39.581166,-75.973085,0.0744815739806,Construction on MD-7 WB near BLADEN ST Expect long delays.,1196.0,W Old Philadelphia Rd,R,North East,Cecil,MD,21901-3226,US,US/Eastern,KAPG,2021-08-19 09:53:00,82.0,82.0,66.0,29.93,10.0,W,9.0,0.0,Partly Cloudy,False,False,False,False,False,False,False,False,False,False,False,False,False,Day,Day,Day,Day
C-5188948,2,2020-05-20 21:45:17,2020-05-21 05:30:00,37.4651,-122.22457,37.45969,-122.22622,0.384592823193,At Alameda/Alameda De Las Pulgas - Roadwork. Right lane closed.,,Union Ave,R,Redwood City,San Mateo,CA,94061,US,US/Pacific,KSQL,2020-05-20 21:55:00,57.0,57.0,72.0,30.11,10.0,WNW,7.0,0.0,Fair,False,False,False,False,False,False,False,False,True,False,False,True,False,Night,Night,Night,Day
C-5188949,2,2021-10-13 08:30:00,2021-10-13 15:15:00,33.913861,-117.557541,33.917911,-117.556891,0.282299346453,Construction on I-15 NB near NICHOLS Expect delays.,,I-15 N,R,Norco,Riverside,CA,92860,US,US/Pacific,KAJO,2021-10-13 08:56:00,53.0,53.0,52.0,29.42,10.0,CALM,0.0,0.0,Fair,False,False,False,False,False,False,False,False,False,False,False,False,False,Day,Day,Day,Day
C-5188950,4,2020-05-13 10:10:41,2020-05-13 12:09:52,40.7407,-74.08195,40.73988,-74.08057,0.0918101365701,At US-1-truck/US-9-truck - Roadwork.,,Newark Tpke,R,Kearny,Hudson,NJ,07032,US,US/Eastern,KEWR,2020-05-13 09:51:00,51.0,51.0,31.0,30.3,10.0,NNW,5.0,0.0,Fair,False,False,False,False,False,False,False,False,False,False,False,False,False,Day,Day,Day,Day
C-5188951,2,2020-09-15 21:52:00,2020-09-15 22:30:00,34.299038,-91.983736,34.300689,-91.962555,1.21433995472,Queuing traffic on US-79 from Earl Chadick Rd (US-79) to AR-31 (US-79) due to resurfacing work.,,N Highway 79,R,Sherrill,Jefferson,AR,72152,US,US/Central,KPBF,2020-09-15 21:53:00,76.0,76.0,79.0,29.79,10.0,N,8.0,0.0,Fair,False,False,False,False,False,False,False,False,False,False,False,False,False,Night,Night,Night,Night
C-5188952,2,2020-05-20 06:02:14,2020-05-22 18:00:00,43.78335,-88.26115,43.78335,-88.26115,0.0,At CR-W/Hinn Rd - Construction work.,,N6699 County Road W,R,Fond du Lac,Fond du Lac,WI,54937,US,US/Central,KFLD,2020-05-20 05:53:00,52.0,52.0,80.0,29.29,10.0,NE,6.0,0.0,Fair,False,False,False,False,False,False,False,False,False,False,False,False,False,Day,Day,Day,Day
C-5188953,3,2018-07-19 23:30:00,2018-07-20 05:00:00,42.363636,-71.05767800000002,,,0.52999997139,Entry ramp to I-93 Northbound from Cross St closed due to maintenance work.,,Cross St,R,Boston,Suffolk,MA,02113,US,US/Eastern,KBOS,2018-07-19 23:54:00,69.1,,63.0,30.13,10.0,SSW,10.4,,Partly Cloudy,False,False,True,False,False,False,False,False,False,False,False,False,False,Night,Night,Night,Night
C-5188954,3,2017-05-25 20:55:18,2017-05-26 02:55:18,33.937059999999995,-118.09673,33.93523,-118.09055,0.3761507560779999,Between I-605/Studebaker Rd and I-5/Orr and Day Rd - Roadwork.,11001.0,Florence Ave,L,Downey,Los Angeles,CA,90241,US,US/Pacific,KLGB,2017-05-25 20:53:00,63.0,,60.0,29.88,10.0,SSW,5.8,,Overcast,False,False,True,False,False,False,False,False,False,False,False,True,False,Night,Night,Day,Day
C-5188955,2,2021-01-05 13:17:00,2021-01-05 23:10:21,40.246651,-79.574495,40.239363,-79.57934399999998,0.56477072944,Slow traffic on US-119 S from Fairview St (US-119) to Burton Ave (US-119) due to roadwork.,,State Route 119,R,Youngwood,Westmoreland,PA,15697,US,US/Eastern,KLBE,2021-01-05 12:47:00,32.0,27.0,100.0,28.68,2.0,WSW,5.0,0.0,Light Snow,True,False,False,False,False,False,False,False,False,False,False,False,False,Day,Day,Day,Day
C-5188956,2,2021-07-23 15:41:08,2021-07-23 16:13:12,47.291293,-115.089585,47.299874,-115.113462,1.26626161625,Slow traffic on I-90 W from Old US-10/Sloway Frontage Rd/Exit 37 (I-90) to 2 Mile Rd/Exit 30 (I-90) due to roadwork.,,I-90 W,R,Saint Regis,Mineral,MT,59866,US,US/Mountain,K3TH,2021-07-23 15:53:00,69.0,69.0,24.0,24.4,10.0,VAR,3.0,0.0,Fair,False,False,False,False,False,False,False,False,False,False,False,False,False,Day,Day,Day,Day
C-5188957,4,2018-09-14 06:15:56,2018-09-14 08:15:21,41.947243,-74.038785,41.92554000000001,-74.06589,2.0468093825,Between CR-31/Sawkill Rd and CR-29A/Wynkoop Rd - Construction work.,,US-209 S,R,Kingston,Ulster,NY,12401,US,US/Eastern,KPOU,2018-09-14 05:53:00,66.9,,93.0,30.23,10.0,Calm,,,Overcast,False,False,False,False,False,False,False,False,False,False,False,False,False,Night,Day,Day,Day
C-5188958,2,2021-06-14 11:08:58,2021-06-21 10:15:40,41.516294,-71.68996899999998,41.509647,-71.694468,0.514882475559,Roadwork on RI-3/Exit 4 (I-95) from RI-138/Exit 3 (I-95) to I-95 S.,,I-95 S,R,Wyoming,Washington,RI,02898,US,US/Eastern,KWST,2021-06-14 11:05:00,62.0,62.0,90.0,29.84,10.0,E,5.0,0.0,T-Storm,False,False,False,False,True,False,False,False,False,False,False,False,False,Day,Day,Day,Day
C-5188959,2,2020-10-22 12:40:30,2020-10-23 00:47:11,39.967113,-86.003557,39.977736,-86.003644,0.733993852009,Queuing traffic on IN-37 from I-69 (IN-37) to E 146th St (IN-37) due to construction work.,12201.0,State Road 37 N,L,Fishers,Hamilton,IN,46038,US,US/Eastern,KMQJ,2020-10-22 12:35:00,73.0,73.0,88.0,29.19,10.0,S,10.0,,Fair,False,False,False,False,False,False,False,False,False,False,False,False,False,Day,Day,Day,Day
C-5188960,2,2021-12-31 13:35:30,2021-12-31 18:30:33,39.763697,-86.338634,39.763699,-86.33254000000002,0.3236605790569999,Slow traffic on US-36 E - US-36 W from IN-267 (US-36) to Raceway Rd (Rockville Rd/US-36) due to roadwork.,10403.0,E US Highway 36,R,Avon,Hendricks,IN,46123-7989,US,US/Eastern,KIND,2021-12-31 13:49:00,52.0,52.0,88.0,28.85,10.0,SE,10.0,0.0,Mostly Cloudy,False,False,False,False,False,False,False,False,False,False,False,False,False,Day,Day,Day,Day
C-5188961,2,2021-01-25 13:51:30,2021-01-26 02:48:49,33.420569,-111.926275,33.422024,-111.927154,0.112587707662,Slow traffic from S Terrace Rd / E Krueger St to E Alpha Dr due to roadwork.,890.0,S Rural Rd,R,Tempe,Maricopa,AZ,85281-2003,US,US/Mountain,KPHX,2021-01-25 13:51:00,49.0,41.0,80.0,28.48,2.0,SSW,29.0,0.08,T-Storm / Windy,False,False,True,False,False,False,False,False,True,False,False,False,False,Day,Day,Day,Day
C-5188962,2,2021-07-01 10:58:18,2021-07-01 13:04:49,25.732204,-80.370522,25.733125,-80.367766,0.182960278532,Slow traffic on FL-976 - FL-985 from SW 109th Ave to SW 38th St due to roadwork.,,SW 40th St,R,Miami,Miami-Dade,FL,33165,US,US/Eastern,KMIA,2021-07-01 10:53:00,82.0,82.0,79.0,30.03,10.0,VAR,5.0,0.0,Mostly Cloudy,False,False,False,False,False,False,False,False,True,False,False,False,False,Day,Day,Day,Day
C-5188963,2,2021-08-06 15:36:55,2021-08-06 16:02:03,27.300067,-80.305351,27.298240000000003,-80.303349,0.17619309554,Stationary traffic on US-1 S - FL-5 from SE Village Green Dr / Crosstown Pkwy to SE Main St due to roadwork.,9067.0,S US Highway 1,R,Port Saint Lucie,St. Lucie,FL,34952,US,US/Eastern,KSUA,2021-08-06 15:55:00,90.0,90.0,62.0,30.07,7.0,SE,18.0,0.0,Thunder in the Vicinity,False,False,False,False,False,False,False,False,False,False,False,False,False,Day,Day,Day,Day
C-5188964,2,2021-03-16 03:40:00,2021-12-03 21:33:15,26.275393,-80.100042,26.276002,-80.09728,0.176215309498,Slow traffic on US-1 N - FL-834 - FL-5 from NE 16th Ter to NE 39th St due to roadwork.,1696.0,E Sample Rd,L,Pompano Beach,Broward,FL,33064-6280,US,US/Eastern,KPMP,2021-12-03 19:53:00,70.0,70.0,71.0,30.1,10.0,NNW,5.0,0.0,Cloudy,False,False,False,False,False,False,False,False,False,False,False,False,False,Night,Night,Night,Night
C-5188965,2,2021-09-28 06:47:51,2021-09-30 02:58:27,40.647826,-73.779511,40.647826,-73.779511,0.0,MTA NYC Transit Bus: due to Construction Construction both directions Q3 Q10 Q10-LTD and B15 at Terminal 5 (New York) buses are delayed.,,JFK Access Rd,R,Jamaica,Queens,NY,11430,US,US/Eastern,KJFK,2021-09-28 06:51:00,65.0,65.0,84.0,29.83,10.0,SW,9.0,0.0,Mostly Cloudy,False,False,False,False,False,False,False,False,False,False,False,False,False,Night,Day,Day,Day
C-5188966,2,2021-12-27 04:13:30,2021-12-30 01:59:46,33.997511,-96.262352,33.997478,-96.234237,1.61050557175,Roadwork on US-70 Byp (US-70) from N3815 Rd/Robinson Rd (US-70) to US-70 W - US-70 E.,21501.0,US Highway 70,L,Durant,Bryan,OK,74701-7217,US,US/Central,KDUA,2021-12-27 04:15:00,68.0,68.0,73.0,29.06,10.0,SSW,8.0,0.0,Fair,False,False,False,False,False,False,False,False,False,False,False,False,False,Night,Night,Night,Night
C-5188967,2,2021-01-28 13:30:30,2021-01-28 18:05:00,28.81495300000001,-81.419768,28.814578000000004,-81.404249,0.939853342187,Slow traffic on FL-46 from FL-46A (FL-46) to Lake Markham Rd (FL-46) due to roadwork.,,State Road 46,R,Sorrento,Lake,FL,32776,US,US/Eastern,KLEE,2021-01-28 13:53:00,62.0,62.0,41.0,30.16,10.0,N,10.0,0.0,Fair,False,False,False,False,False,False,False,False,False,False,False,False,False,Day,Day,Day,Day
C-5188968,3,2020-05-08 01:00:58,2020-06-21 09:15:49,38.61254,-90.21506,38.6186,-90.26997,2.9938066975,Between I-55/Exit 290 and Grand Blvd/Exit 288 - Roadwork. Two lanes blocked.,,I-44 W,R,Saint Louis,St. Louis City,MO,63104,US,US/Central,KCPS,2020-05-08 00:53:00,55.0,55.0,86.0,29.51,10.0,N,5.0,0.01,Light Rain,False,False,False,False,True,False,False,False,False,False,False,False,False,Night,Night,Night,Night
C-5188969,2,2021-03-22 09:30:00,2021-04-02 05:45:00,33.639598,-112.134401,33.639502,-112.134396,0.0066392010407299,Construction on 37TH AVE near 35TH AVE Allow extra time.,,W Bell Rd,R,Phoenix,Maricopa,AZ,85053,US,US/Mountain,KDVT,2021-03-22 09:53:00,56.0,56.0,19.0,28.35,10.0,N,20.0,0.0,Fair,False,False,True,False,False,False,False,False,False,False,False,True,False,Day,Day,Day,Day
C-5188970,2,2021-06-22 10:07:06,2021-10-25 08:15:00,40.803978,-73.936465,40.804458,-73.939691,0.171948642111,Slow traffic from 3rd Ave to E 124th St due to roadwork.,164.0,E 125th St,R,New York,New York,NY,10035-1747,US,US/Eastern,KNYC,2021-06-22 09:51:00,77.0,77.0,71.0,29.61,10.0,VAR,3.0,0.0,Mostly Cloudy,True,False,False,False,False,False,True,False,True,False,False,True,False,Day,Day,Day,Day
C-5188971,2,2021-08-24 15:14:00,2021-08-24 17:18:41,40.575017,-75.619961,40.579657,-75.621533,0.331037424842,Slow traffic on PA-100 from S Route 100 / Schantz Rd to I-78 E due to roadwork.,168.0,N Route 100,L,Breinigsville,Lehigh,PA,18031-1506,US,US/Eastern,KXLL,2021-08-24 15:15:00,88.0,88.0,52.0,29.56,10.0,CALM,0.0,0.0,Fair,False,False,False,False,False,False,False,False,False,False,False,False,False,Day,Day,Day,Day
C-5188972,2,2020-10-16 02:38:12,2020-10-17 03:26:54,39.250977,-76.813512,39.251184,-76.813902,0.0252978288775999,Construction on MD-103 WB near LONG GATE PKWY Expect long delays.,4381.0,Montgomery Rd,L,Ellicott City,Howard,MD,21043-6005,US,US/Eastern,KBWI,2020-10-16 02:54:00,66.0,66.0,78.0,29.8,10.0,SSW,6.0,0.0,Cloudy,False,False,False,False,False,False,False,False,False,False,False,True,False,Night,Night,Night,Night
C-5188973,4,2018-04-07 02:06:57,2018-04-07 08:06:57,25.953869,-80.177686,25.925671,-80.210549,2.82224374476,Closed between I-95 (South) and SR-826/Exit 12 - Closed. Construction work.,,I-95 N,R,Miami,Miami-Dade,FL,33179,US,US/Eastern,KHWO,2018-04-07 01:53:00,72.0,,76.0,29.96,10.0,East,3.5,,Clear,False,False,False,False,True,False,False,False,False,False,False,False,False,Night,Night,Night,Night
C-5188975,2,2018-06-21 11:36:14,2018-06-21 17:37:43,40.282199,-79.394521,40.277977,-79.39628,0.306092872427,At Henry Rd - Roadwork. Lane blocked.,5721.0,State Route 981,L,Latrobe,Westmoreland,PA,15650-5305,US,US/Eastern,KLBE,2018-06-21 11:45:00,68.0,,100.0,29.89,10.0,Calm,,,Overcast,False,False,False,False,False,False,False,False,False,False,False,False,False,Day,Day,Day,Day
C-5188976,4,2018-07-05 20:00:00,2018-07-06 06:00:00,41.47757,-81.66044000000002,41.48033,-81.66433,0.277332734499,Ramp closed to I-490 Westbound - Closed due to roadwork. Traffic problem.,,I-77 N,R,Cleveland,Cuyahoga,OH,44127,US,US/Eastern,KBKL,2018-07-05 19:53:00,79.0,,77.0,30.12,10.0,South,9.2,,Clear,False,False,False,False,True,False,False,False,False,False,False,False,False,Day,Day,Day,Day
C-5188977,2,2016-08-16 04:30:18,2016-08-18 15:03:29,39.04143,-77.05175,39.064221,-77.05628399999998,1.59338886194,Between MD-586/Veirs Mill Rd and May St/Rippling Brook Dr - Construction work.,,University Blvd W,R,Silver Spring,Montgomery,MD,20902,US,US/Eastern,KCGS,2016-08-16 04:37:00,71.6,,94.0,30.17,4.0,Calm,,,Scattered Clouds,False,False,True,False,False,False,False,False,False,False,False,True,False,Night,Night,Night,Night
C-5188978,2,2021-02-17 10:50:00,2021-02-23 09:43:13,38.080298,-95.371302,38.073479,-95.376523,0.550106564519,Roadwork on SW 1000th Rd (US-169) from SW 300th Rd (KS-57/US-169) to US-169 S - US-169 N.,12852.0,SW Highway 169,R,Colony,Anderson,KS,66015,US,US/Central,KUKL,2021-02-17 10:49:00,12.0,4.0,79.0,28.9,7.0,E,5.0,0.0,Mostly Cloudy,False,False,False,False,False,False,False,False,False,False,False,False,False,Day,Day,Day,Day
C-5188979,2,2021-10-28 15:55:00,2021-10-28 18:09:45,33.417117,-111.926281,33.414815999999995,-111.926926,0.163277732096,Slow traffic from Cholla Hall to S McAllister Ave due to roadwork.,1037.0,S Rural Rd,L,Tempe,Maricopa,AZ,85281-2005,US,US/Mountain,KPHX,2021-10-28 15:51:00,85.0,85.0,15.0,28.76,10.0,VAR,3.0,0.0,Fair,False,False,False,False,False,False,False,False,False,False,False,False,False,Day,Day,Day,Day
C-5188980,4,2021-04-09 07:00:00,2021-04-10 07:49:50,40.458335,-79.93382,40.457569,-79.93643,0.147066227612,Construction on PA-380 WB near DAPPER WAY Road closed. Take alternate route.,399.0,S Negley Ave,L,Pittsburgh,Allegheny,PA,15206,US,US/Eastern,KAGC,2021-04-09 06:53:00,56.0,56.0,90.0,28.58,10.0,SSE,6.0,0.02,Cloudy,False,False,True,False,False,False,False,False,True,False,False,True,False,Day,Day,Day,Day
C-5188981,4,2021-12-03 20:00:00,2021-12-06 06:15:00,32.089243,-81.127367,32.092773,-81.127476,0.243983213649,Construction on I-516 near W LATHROP AVE Use alternate exit ramp.,,GA-21 N,R,Savannah,Chatham,GA,31415,US,US/Eastern,KSAV,2021-12-03 19:53:00,57.0,57.0,81.0,30.03,10.0,CALM,0.0,0.0,Partly Cloudy,False,False,False,False,True,False,False,False,False,False,False,False,False,Night,Night,Night,Night
C-5188982,2,2019-04-01 08:05:05,2019-04-05 08:02:34,30.48311,-90.33599,30.50601,-90.34392,1.65117555786,At US-190 - Construction work.,43058.0,Highway 445,R,Ponchatoula,Tangipahoa,LA,70454-5663,US,US/Central,KHDC,2019-04-01 08:15:00,43.0,39.0,81.0,30.17,10.0,NE,7.0,0.0,Fair,False,False,False,False,False,False,False,False,False,False,False,False,False,Day,Day,Day,Day
C-5188983,2,2020-08-21 16:00:00,2020-08-21 19:45:00,43.22397700000001,-87.92147800000002,43.221315,-87.92263299999998,0.1929007636569999,Construction on I-43 SB near MEQUON RD Expect delays.,,I-43 S,R,Mequon,Ozaukee,WI,53092,US,US/Central,KMWC,2020-08-21 15:45:00,84.0,84.0,33.0,29.11,10.0,SSW,10.0,0.0,Fair,False,False,True,False,True,False,False,False,False,False,False,True,False,Day,Day,Day,Day
C-5188984,2,2020-03-24 12:33:45,2020-03-28 12:33:00,41.87569000000001,-87.63798,41.87572,-87.65115,0.677554775485,Between Congress Pky and Morgan St/Exit 29B - Construction work. Roadway reduced to 2 lanes.,,Chicago-Kansas City Expressway E,R,Chicago,Cook,IL,60607,US,US/Central,KMDW,2020-03-24 12:53:00,43.0,39.0,71.0,29.43,9.0,ENE,6.0,0.0,Fair,False,False,False,False,False,False,False,False,False,False,False,False,False,Day,Day,Day,Day
C-5188985,2,2021-08-02 20:47:00,2021-08-03 21:38:41,39.96757,-78.871166,39.965875,-78.867879,0.2097923380519999,Construction on I-76 EB near MP 121 Construction. Right lane closed.,,I-70 E,R,Berlin,Somerset,PA,15530,US,US/Eastern,KCBE,2021-08-02 20:55:00,72.0,72.0,47.0,29.29,10.0,NE,3.0,0.0,Fair,False,False,False,False,False,False,False,False,False,False,False,False,False,Night,Day,Day,Day
C-5188986,2,2020-08-27 17:34:00,2020-08-27 18:11:30,44.186035,-117.136584,44.253745,-117.175864,5.06653519351,Slow traffic on I-84 from Moores Hollow Rd/Exit 362 (I-84) to OR-201/Exit 356 (I-84) due to maintenance work.,,I-84 W,R,Vale,Malheur,OR,97918,US,US/Mountain,KONO,2020-08-27 17:53:00,90.0,90.0,24.0,27.56,10.0,VAR,3.0,0.0,Fair,False,False,False,False,True,False,False,False,False,False,False,False,False,Day,Day,Day,Day
C-5188987,2,2021-08-05 20:00:00,2021-12-31 12:38:25,41.763828,-71.101552,41.749038,-71.121072,1.43405672041,Construction on MA-24 SB near EXIT 10 Expect delays.,,MA-24 S,R,Assonet,Bristol,MA,02702,US,US/Eastern,KTAN,2021-08-05 20:07:00,66.0,66.0,93.0,30.02,2.0,CALM,0.0,0.0,Fog,False,False,False,False,True,False,False,False,False,False,False,False,False,Night,Day,Day,Day
C-5188988,2,2017-09-20 09:46:51,2017-09-20 15:49:42,41.05399,-76.83843,41.05112,-76.84451999999997,0.374178284664,Ramp to I-80 Westbound - Roadwork. Traffic problem.,,I-180 W,R,Milton,Northumberland,PA,17847,US,US/Eastern,KSEG,2017-09-20 09:53:00,70.0,,81.0,30.01,10.0,Calm,,,Clear,False,False,False,False,False,False,False,False,False,False,False,False,False,Day,Day,Day,Day
C-5188989,2,2020-04-07 17:38:17,2020-07-03 05:42:24,45.754698,-96.922835,45.853908,-96.865035,7.39853119505,Construction on I-29 NB near EXIT 232 Construction. Drive with caution.,,I-29 N,R,Sisseton,Roberts,SD,57262,US,US/Central,K8D3,2020-04-07 17:56:00,57.0,57.0,53.0,28.47,,NE,6.0,0.0,,False,False,False,False,False,False,False,False,False,False,False,False,False,Day,Day,Day,Day
C-5188990,2,2020-12-17 14:19:00,2020-12-17 22:14:09,26.084856,-80.186573,26.085326,-80.182305,0.266837140849,Stationary traffic on FL-84 from US-441/FL-7 (FL-84) to 30th Ave (FL-84) due to roadwork.,3276.0,W State Road 84,R,Fort Lauderdale,Broward,FL,33312,US,US/Eastern,KFLL,2020-12-17 13:53:00,81.0,81.0,74.0,29.99,10.0,W,14.0,0.0,Mostly Cloudy,False,False,True,False,False,False,False,False,False,False,False,False,False,Day,Day,Day,Day
C-5188991,2,2021-06-20 13:08:30,2021-06-20 15:45:30,40.302988,-104.980436,40.315265,-104.980023,0.8485389715389999,Slow traffic on US-87 N - I-25 N from CR-34/Exit 245 (I-25) to CO-60/Exit 252 (I-25) due to roadwork.,,I-25 N,R,Johnstown,Weld,CO,80534,US,US/Mountain,KFNL,2021-06-20 12:56:00,80.0,80.0,31.0,24.92,10.0,VAR,6.0,0.0,Fair,False,False,False,False,True,False,False,False,False,False,False,False,False,Day,Day,Day,Day
C-5188992,2,2020-12-20 18:30:00,2020-12-20 20:39:04,30.543057,-89.670299,30.545446,-89.66872099999998,0.189903720151,Slow traffic on MS-43 - US-11 S - US-11 N from E Sycamore Rd to E Sycamore Rd / Daniels Dr due to roadwork.,501.0,E Sycamore Rd,R,Picayune,Pearl River,MS,39466-2670,US,US/Central,KASD,2020-12-20 18:26:00,51.0,51.0,92.0,30.01,1.0,CALM,0.0,0.0,Fog,False,False,False,False,False,False,False,False,False,False,False,False,False,Night,Night,Night,Night
C-5188993,2,2021-10-23 16:58:00,2021-10-23 19:01:10,34.506708,-117.36756499999998,34.506711,-117.363586,0.2265528686589999,Slow traffic on CA-18 from US-395 (CA-18) to El Evado Rd (CA-18) due to roadwork.,14099.0,Cordley Rd,R,Victorville,San Bernardino,CA,92392,US,US/Pacific,KVCV,2021-10-23 16:45:00,70.0,70.0,35.0,26.86,10.0,WSW,17.0,0.0,Fair,False,False,False,False,False,False,False,False,False,False,False,False,False,Day,Day,Day,Day
C-5188994,2,2020-07-06 18:42:09,2020-09-03 12:52:20,42.648861,-74.61614200000002,42.577559,-74.76579,9.06495288807,Roadwork roadwork on I-88 both directions between Exit 19 - Hollenbeck Road to Route 7 Worcester (Worcester) and Exit 21 - Mickle Road; I-88 ramps (Exit 21) to NY 7/NY 10; Warnersville (Richmondville) 1 alternate lanes of 2 lanes blocked for drainage and shoulder work to occur from 7/6 through 11/20/20 during the hours of 7:0 AM to 5:30 PM. This work is not weather dependent with no flagger personnel present. IR# 40367 D264101,,I-88 W,R,Richmondville,Schoharie,NY,12149,US,US/Eastern,KSCH,2020-07-06 18:54:00,86.0,86.0,31.0,29.64,15.0,CALM,0.0,0.0,Fair,False,False,False,False,False,False,False,False,False,False,False,False,False,Day,Day,Day,Day
C-5188995,4,2021-04-23 11:12:00,2021-05-09 23:59:00,38.874629,-77.00589599999998,38.874625,-77.004772,0.0604613663216,Closed road from S Capitol St SE to M St SE / New Jersey Ave SE due to roadwork.,109.0,N St SE,R,Washington,District of Columbia,DC,20003,US,US/Eastern,KDCA,2021-04-23 10:52:00,55.0,55.0,34.0,30.16,10.0,W,15.0,0.0,Fair,False,False,True,False,False,False,False,False,False,False,False,True,False,Day,Day,Day,Day
C-5188996,3,2016-04-27 01:00:00,2016-04-27 09:00:00,34.068695,-117.839516,,,0.01,Exit ramp closed due to maintenance work on I-10 Eastbound at Via Verde EB.,,I-10 E,R,Covina,Los Angeles,CA,91724,US,US/Pacific,KPOC,2016-04-27 06:47:00,50.0,,71.0,29.93,10.0,Calm,,,Clear,False,False,False,False,False,False,False,False,False,False,False,False,False,Night,Night,Night,Night
C-5188997,2,2021-10-15 12:57:00,2021-10-15 13:18:30,29.392955,-100.726437,29.39275300000001,-100.722656,0.2280413262359999,Stationary traffic on US-90 E - US-90 W from Herb St (US-90) to FM-3008/Standard Ln (US-90) due to roadwork.,,US-90 E,R,Del Rio,Val Verde,TX,78840,US,US/Central,KDRT,2021-10-15 12:53:00,91.0,91.0,21.0,28.93,10.0,NW,15.0,0.0,Fair,False,False,False,False,False,False,False,False,False,False,False,False,False,Day,Day,Day,Day
C-5188998,2,2021-05-26 16:23:00,2021-05-26 17:38:00,41.17102,-120.982427,41.189623,-120.94434,2.36113761908,Slow traffic on CA-139 - CA-299 from CR-A2/Susanville Rd/Bieber Lookout Rd (CA-299) to CA-139 (Canby) (CA-299) due to roadwork.,,669-190 State Highway 299 E,R,McArthur,Lassen,CA,96056,US,US/Pacific,KAAT,2021-05-26 15:55:00,73.0,73.0,18.0,25.62,10.0,VAR,3.0,0.0,Fair,False,False,False,False,False,False,False,False,False,False,False,False,False,Day,Day,Day,Day
C-5188999,2,2021-03-28 06:30:30,2021-03-28 17:11:56,25.891004,-80.21100899999998,25.889155,-80.210251,0.1361652116019999,Stationary traffic on US-441 S from NW 127th St to I-95 S due to roadwork.,,NW 127th St,R,Miami,Miami-Dade,FL,33168,US,US/Eastern,KOPF,2021-03-28 06:53:00,75.0,75.0,73.0,30.07,10.0,SSE,9.0,0.0,Partly Cloudy,False,False,False,False,False,False,False,False,True,False,False,False,False,Night,Night,Day,Day
C-5189000,2,2020-08-11 16:30:00,2020-08-14 12:45:00,32.691311,-114.641688,32.690838,-114.640623,0.0700227014538,Construction on 20TH AVE near 17TH AVE Allow extra time.,,W 20th St,R,Yuma,Yuma,AZ,85364,US,US/Mountain,KNYL,2020-08-11 16:57:00,109.0,109.0,20.0,29.48,7.0,VAR,7.0,0.0,Fair,False,False,False,False,False,False,False,False,False,True,False,False,False,Day,Day,Day,Day
C-5189001,2,2021-10-20 20:20:30,2021-10-20 23:22:30,35.075532,-81.738281,35.064285,-81.77328299999998,2.12642895,Slow traffic on I-85 S from Hyatt St/Exit 90 (I-85) to SC-110/Exit 83 (I-85) due to roadwork.,,I-85 S,R,Gaffney,Cherokee,SC,29341,US,US/Eastern,KEHO,2021-10-20 20:15:00,64.0,64.0,50.0,29.28,10.0,CALM,0.0,0.0,Fair,False,False,False,False,False,False,False,False,False,False,False,False,False,Night,Night,Night,Night
C-5189002,2,2021-05-17 06:39:00,2021-05-17 17:01:21,35.56436400000001,-97.689152,35.558194,-97.689182,0.426309733429,Slow traffic from W Britton Rd to W Wilshire Blvd due to roadwork.,,John Kilpatrick Tpke W,R,Yukon,Canadian,OK,73099,US,US/Central,KRCE,2021-05-17 06:35:00,63.0,63.0,100.0,28.44,0.0,NNE,9.0,0.0,Fog,False,False,False,False,False,False,False,False,False,False,False,False,False,Day,Day,Day,Day
C-5189003,2,2020-09-04 12:57:00,2020-09-04 20:13:48,27.996053000000003,-82.451952,27.996979,-82.45115799999998,0.0802493655251,Stationary traffic on US-92 E - FL-45 - US-41 S - US-41 N from I-275 N to E Mohawk Ave due to resurfacing work.,807.0,E Hillsborough Ave,R,Tampa,Hillsborough,FL,33604-7107,US,US/Eastern,KTPA,2020-09-04 12:53:00,91.0,91.0,59.0,30.03,10.0,SW,10.0,0.0,Partly Cloudy,False,False,False,False,False,False,False,False,True,False,False,False,False,Day,Day,Day,Day
C-5189004,2,2021-09-16 14:48:30,2021-09-16 16:49:21,33.414681,-111.928546,33.415509,-111.926276,0.142870719053,Stationary traffic from Sonora Ctr to E Lemon St due to roadwork.,703.0,E Apache Blvd,R,Tempe,Maricopa,AZ,85281-6714,US,US/Mountain,KPHX,2021-09-16 14:51:00,102.0,102.0,14.0,28.55,10.0,VAR,3.0,0.0,Fair,False,False,False,False,False,False,False,False,False,False,False,False,False,Day,Day,Day,Day
C-5189005,2,2021-07-20 16:24:30,2021-07-20 16:44:30,40.763859,-111.88833,40.758479,-111.888318,0.371723127669,Slow traffic on UT-186 - US-89 S from E 200 S (S State St/US-89) to UT-269/E 600 S/E 500 S (S State St/US-89) due to roadwork.,242.0,S State St,R,Salt Lake City,Salt Lake,UT,84111-5251,US,US/Mountain,KSLC,2021-07-20 15:54:00,93.0,93.0,27.0,25.73,10.0,W,5.0,0.0,Mostly Cloudy,False,False,True,False,False,False,False,False,True,False,False,True,False,Day,Day,Day,Day
C-5189006,2,2021-10-27 19:30:00,2021-10-28 05:00:00,28.551491,-82.397133,,,2.81999993324,Lane closed due to construction work on US-41 Broad St both ways from FL-50 Cortez Blvd to Lamar Ave.,706.0,S Broad St,L,Brooksville,Hernando,FL,34601-3224,US,US/Eastern,KBKV,2021-10-27 19:53:00,68.0,68.0,81.0,29.79,10.0,CALM,0.0,0.0,Fair,False,False,False,False,False,False,False,False,False,False,False,False,False,Night,Night,Day,Day
C-5189007,2,2020-04-25 08:33:39,2020-04-30 01:04:15,36.7986,-114.11438,36.8176,-114.05005,3.79311341724,Between NV-170/Exit 112 and Nevada/Arizona State Line - Roadwork. Right lane closed.,,I-15 N,R,Mesquite,Clark,NV,89027,US,US/Mountain,KSGU,2020-04-26 00:56:00,65.0,65.0,39.0,27.02,10.0,ESE,8.0,0.0,Fair,False,False,False,False,False,False,False,False,False,False,False,False,False,Day,Day,Day,Day
C-5189008,2,2021-05-22 06:44:00,2021-05-22 14:56:04,41.845504,-87.634888,41.867212,-87.644518,1.5796328714200003,Slow traffic on I-94 W - I-90 W - Dan Ryan Expy N from I-55/Adlai E Stevenson Expy/Exit 53C (I-90/I-94) to Roosevelt Rd (I-90/I-94) due to roadwork.,300.0,W 26th St,R,Chicago,Cook,IL,60616-2251,US,US/Central,KMDW,2021-05-22 06:53:00,71.0,71.0,57.0,29.7,10.0,SW,8.0,0.0,Mostly Cloudy,True,False,True,False,False,False,False,False,False,False,False,False,False,Day,Day,Day,Day
C-5189009,2,2021-11-08 15:18:30,2021-11-08 15:39:00,40.042927,-76.32811,40.041462,-76.32516,0.185998014374,Stationary traffic on PA-23 from PA-741/Rohrerstown Rd (Marietta Pike/Marietta Ave/PA-23) to US-222/PA-272/N Prince St (W Walnut St/W Chestnut St/PA-23) due to roadwork.,1031.0,Marietta Ave,R,Lancaster,Lancaster,PA,17603-3106,US,US/Eastern,KLNS,2021-11-08 14:53:00,68.0,68.0,37.0,29.7,10.0,NW,8.0,0.0,Fair,False,False,True,False,False,False,False,False,False,False,False,True,False,Day,Day,Day,Day
C-5189010,2,2021-12-16 08:20:50,2021-12-16 16:15:00,41.564823,-72.649113,41.563634,-72.648329,0.0916059639276,ConnDOT: Road Work on RT9 Southbound between Exits 15 and 13 (0.5 miles) in effect today until 3:30 pm. The right shoulder is closed. Reported Thursday December 16 at 8:22 am.,,CT-17,R,Middletown,Middlesex,CT,06457,US,US/Eastern,KMMK,2021-12-16 07:53:00,51.0,51.0,89.0,29.99,10.0,S,8.0,0.0,Cloudy,False,False,False,False,True,False,False,False,False,False,False,False,False,Day,Day,Day,Day
C-5189011,2,2020-10-07 10:42:27,2021-12-25 16:27:30,42.095085,-122.605938,42.076993,-122.60212,1.26527599654,Slow traffic on OR-99 S - Pacific Highway 1 S - I-5 S from OR-99/Exit 11 (I-5) to Old Siskiyou Hwy/Exit 6 (I-5) due to roadwork.,,I-5 S,R,Ashland,Jackson,OR,97520,US,US/Pacific,KMFR,2021-09-28 17:53:00,63.0,63.0,43.0,28.7,10.0,NNW,6.0,0.0,Fair,False,False,False,False,False,False,False,False,False,False,False,False,False,Day,Day,Day,Day
C-5189012,2,2017-03-21 09:13:32,2017-03-21 15:31:33,40.575432,-75.65833,40.580966,-75.61835500000002,2.13235997497,Between PA-863/Exit 45 and US-22 - Roadwork. Lane blocked. Traffic problem.,,Adams Rd,R,Breinigsville,Lehigh,PA,18031,US,US/Eastern,KXLL,2017-03-21 09:15:00,39.2,37.0,81.0,29.96,7.0,WSW,3.5,,Overcast,False,False,False,False,False,False,False,False,False,False,False,False,False,Day,Day,Day,Day
C-5189013,2,2019-09-11 23:35:33,2019-09-12 06:00:00,40.13077,-74.96581,40.128608,-74.888177,4.10391301398,Between PA-132/Street Rd/Exit 352 and I-276 - Construction work. Right lane blocked.,,Pennsylvania Tpke E,R,Bensalem,Bucks,PA,19020,US,US/Eastern,KPNE,2019-09-11 23:54:00,81.0,81.0,67.0,29.94,10.0,WNW,7.0,0.0,Mostly Cloudy,False,False,False,False,True,False,False,False,False,False,False,False,False,Night,Night,Night,Night
C-5189015,2,2021-09-26 20:50:30,2021-09-26 22:53:38,39.682153,-105.082694,39.682155,-105.080691,0.106507992941,Slow traffic from CO-391/S Kipling Pkwy (W Jewell Ave) to S Pierce St (W Jewell Ave) due to roadwork.,7770.0,W Jewell Ave,L,Denver,Jefferson,CO,80227,US,US/Mountain,KAPA,2021-09-26 20:53:00,67.0,67.0,21.0,24.19,10.0,SSE,7.0,0.0,Partly Cloudy,False,False,True,False,False,False,False,False,True,False,False,True,False,Night,Night,Night,Night
C-5189016,2,2016-05-24 09:01:25,2016-05-24 15:01:25,40.32456,-75.14038000000002,40.29928,-75.14695999999998,1.78075260504,Between Meetinghouse Rd and US-202/State St - Maintenance work.,,Doylestown Byp,R,Doylestown,Bucks,PA,18901,US,US/Eastern,KDYL,2016-05-24 08:54:00,62.1,,84.0,29.94,10.0,Variable,3.5,,Clear,False,False,False,False,False,False,False,False,False,False,False,False,False,Day,Day,Day,Day
C-5189017,3,2019-05-04 18:01:15,2019-05-08 18:01:08,41.8053,-88.05324,41.80773,-88.05213,0.1773627031019999,Ramp to I-88 Eastbound - Roadwork. Right lane blocked.,2720.0,Ogden Ave,L,Downers Grove,Dupage,IL,60515-1703,US,US/Central,KMDW,2019-05-04 17:53:00,61.0,61.0,41.0,29.27,10.0,NNE,6.0,0.0,Fair,False,False,False,False,True,False,False,False,False,False,False,False,False,Day,Day,Day,Day
C-5189018,2,2019-08-04 23:42:34,2019-08-08 23:42:24,41.9436,-91.735289,41.942561,-91.731512,0.206958330275,At Edgewood Rd/Exit 250 - Roadwork.,,US-151 N,R,Cedar Rapids,Linn,IA,52404,US,US/Central,KCID,2019-08-04 23:52:00,68.0,68.0,90.0,29.09,8.0,WSW,5.0,0.0,Fair,False,False,False,False,False,False,False,False,False,False,False,False,False,Night,Night,Night,Night
C-5189019,2,2020-04-23 00:00:01,2020-04-23 23:30:00,39.77966,-104.97238,39.77966,-104.97238,0.0,At Brighton Blvd/Exit 275 - Construction work.,,I-70 E,R,Denver,Denver,CO,80216,US,US/Mountain,KBJC,2020-04-23 00:12:00,45.0,40.0,49.0,24.32,10.0,W,8.0,0.0,Fair,False,False,False,False,True,False,False,False,False,False,False,False,False,Night,Night,Night,Night
C-5189020,2,2021-10-26 04:39:35,2021-11-13 02:59:59,39.904603,-75.414828,39.907228,-75.417337,0.224897830521,Roadwork on Knowlton Rd (S New Middletown Rd/PA-352) from US-1/Baltimore Pike (N Middletown Rd/S New Middletown Rd/PA-352) to PA-352.,,S New Middletown Rd,R,Media,Delaware,PA,19063,US,US/Eastern,KPHL,2021-10-26 04:48:00,61.0,61.0,100.0,29.51,7.0,NE,5.0,0.08,Light Rain,False,False,False,False,False,False,False,False,False,False,False,True,False,Night,Night,Night,Night
C-5189022,2,2021-09-14 17:38:30,2021-09-14 18:00:00,42.040932,-87.712047,42.039869,-87.71079499999998,0.0975795306409999,Slow traffic from Ewing Ave to Main St due to roadwork.,3333.0,Dempster St,R,Skokie,Cook,IL,60076-2411,US,US/Central,KORD,2021-09-14 17:51:00,77.0,77.0,50.0,29.09,10.0,NW,17.0,0.0,Mostly Cloudy,False,False,False,False,False,False,False,False,False,False,False,False,False,Day,Day,Day,Day
C-5189023,3,2018-11-27 20:00:00,2018-11-28 05:00:00,30.344933,-91.027809,,,0.930000007153,Exit ramp from I-10 Westbound to Highland Rd Westbound intermittent ramp closures due to construction during the night.,,I-10 W,R,Baton Rouge,East Baton Rouge,LA,70810,US,US/Central,KBTR,2018-11-27 19:53:00,41.0,,82.0,30.17,10.0,Calm,,,Clear,False,False,False,False,False,False,False,False,False,False,False,False,False,Night,Night,Night,Night
C-5189024,2,2020-07-14 05:38:00,2020-07-14 09:45:00,38.494678,-77.99252800000002,38.496093,-77.992297,0.0985619868555,Construction on RIXEYVILLE RD NB near ACHIEVEMENT DR Drive with caution.,15143.0,Rixeyville Rd,R,Culpeper,Culpeper,VA,22701-1667,US,US/Eastern,KCJR,2020-07-14 05:35:00,63.0,63.0,91.0,29.6,10.0,CALM,0.0,0.0,Fair,False,False,False,False,False,False,False,False,False,False,False,False,False,Night,Day,Day,Day
C-5189025,2,2020-09-30 12:15:30,2020-09-30 18:58:33,40.746648,-73.976313,40.746092,-73.978959,0.143735286504,Stationary traffic from Queens Midtown Tunl W to Park Ave due to resurfacing work.,216.0,E 36th St,R,New York,New York,NY,10016-3701,US,US/Eastern,KNYC,2020-09-30 11:51:00,64.0,64.0,58.0,29.63,10.0,W,10.0,0.0,Fair,True,False,False,False,False,False,False,False,False,False,False,False,False,Day,Day,Day,Day
C-5189026,2,2019-03-25 07:03:13,2019-03-30 07:02:11,46.211185,-123.38923,46.188792,-123.356365,2.20546111175,Between Messinger Hill Dr and Ocean Beach Hwy - Construction work. Single alternate lane traffic.,227.0,W State Route 4,L,Cathlamet,Wahkiakum,WA,98612-9619,US,US/Pacific,KKLS,2019-03-26 06:56:00,41.0,,100.0,30.12,7.0,Calm,,,Overcast,False,False,False,False,False,False,False,False,False,False,False,False,False,Night,Day,Day,Day
C-5189027,2,2021-09-23 14:16:00,2021-11-26 18:21:22,33.745536,-117.865572,33.744664,-117.867651,0.133778688993,Slow traffic from N Spurgeon St to E Walnut St / W Walnut St due to roadwork.,101.0,N Spurgeon St,R,Santa Ana,Orange,CA,92701,US,US/Pacific,KSNA,2021-11-09 14:53:00,68.0,68.0,43.0,30.1,10.0,W,7.0,0.0,Fair,False,False,False,False,False,False,False,False,False,False,False,False,False,Day,Day,Day,Day
C-5189028,2,2021-02-16 16:10:03,2021-02-16 19:08:40,34.64453,-88.215595,34.644962,-88.208888,0.3824103034889999,Roadwork on County Road 116 from County Road 55 to MS-30.,298.0,County Road 116,R,Tishomingo,Tishomingo,MS,38873-9703,US,US/Central,K01M,2021-02-16 15:56:00,,,,,,,,0.0,,False,False,False,False,False,False,False,False,False,False,False,False,False,Day,Day,Day,Day
C-5189029,2,2020-07-23 16:27:00,2020-07-25 02:45:00,31.853367,-101.03318,31.855867,-101.04116,0.4991638532869999,Construction on TX-158 WB near US-87 Construction. Expect long delays.,,TX-163,R,Sterling City,Sterling,TX,76951,US,US/Central,KBPG,2020-07-23 16:35:00,79.0,79.0,72.0,27.3,10.0,NE,5.0,0.0,Fair,False,False,False,False,False,False,False,False,False,False,False,False,False,Day,Day,Day,Day
C-5189030,2,2021-05-09 18:33:00,2021-05-10 06:46:00,40.671833,-124.201686,40.761893,-124.190311,6.25100177658,Construction on US-101 NB near HOOKTON RD Drive with caution.,,Redwood Hwy N,R,Loleta,Humboldt,CA,95551,US,US/Pacific,KEKA,2021-05-09 18:53:00,54.0,54.0,75.0,29.87,10.0,N,16.0,0.0,Fair,False,False,False,False,True,False,False,False,False,False,False,False,False,Day,Day,Day,Day
C-5189031,2,2021-10-23 13:30:00,2021-10-23 13:50:00,35.85644600000001,-92.602246,35.83759600000001,-92.575086,2.00252042625,Stationary traffic on US-65 S - US-65 N from AR-27 (US-65) to AR-66 (US-65) due to roadwork.,4003.0,S Highway 65,L,Leslie,Searcy,AR,72645-7163,US,US/Central,KCCA,2021-10-23 13:35:00,79.0,79.0,54.0,29.37,8.0,VAR,6.0,0.0,Partly Cloudy,False,False,False,False,False,False,False,False,False,False,False,False,False,Day,Day,Day,Day
C-5189032,2,2021-07-21 09:03:00,2021-07-21 14:03:04,30.026129,-84.98180500000002,30.027536,-84.982897,0.117123296753,Roadwork on Al's Landing Rd (FL-65) from CR-379 (FL-65) to FL-65.,46250.0,SW State Road 65,R,Bristol,Liberty,FL,32321,US,US/Eastern,K2J9,2021-07-21 08:55:00,75.0,75.0,100.0,29.82,10.0,CALM,0.0,,Fair,False,False,False,False,False,False,False,False,False,False,False,False,False,Day,Day,Day,Day
C-5189033,2,2018-08-22 06:30:00,2018-08-22 17:01:00,39.800339,-105.498711,,,0.310000002384,Intermittent lane closures due to construction during the day time on Gregory St both ways between Bobtail Rd and High Country Ln.,429.0,Gregory St,L,Central City,Gilpin,CO,80427,US,US/Mountain,K0CO,2018-08-22 06:23:00,35.6,23.4,60.0,30.66,0.2,WNW,25.3,,Haze,False,False,False,False,False,False,False,False,False,False,False,False,False,Day,Day,Day,Day
C-5189034,2,2021-03-19 16:01:59,2021-03-19 16:58:13,32.794049,-96.700919,32.828379,-96.620799,5.222344779119998,Slow traffic on I-30 E - R L Thornton Fwy E - US-67 N from I-45 exit [46] to Belt Line Rd exit [59] due to roadwork.,,I-30 W,R,Dallas,Dallas,TX,75228,US,US/Central,KDAL,2021-03-19 15:53:00,65.0,65.0,37.0,29.75,10.0,ENE,9.0,0.0,Fair,False,False,False,False,True,False,False,False,False,False,False,False,False,Day,Day,Day,Day
C-5189035,2,2020-10-21 16:01:00,2020-10-21 20:46:00,40.717838,-121.423982,40.730466,-121.435741,1.06789958484,Construction on CA-89 NB near CA-44 Expect long delays.,13480.0,State Highway 89,R,Old Station,Shasta,CA,96071-9304,US,US/Pacific,KRDD,2020-10-21 15:53:00,90.0,90.0,14.0,29.22,10.0,N,13.0,0.0,Fair,False,False,False,False,False,False,False,False,False,False,False,False,False,Day,Day,Day,Day
C-5189036,2,2021-08-02 10:28:00,2021-08-02 12:34:35,33.403896,-112.081979,33.407273,-112.081929,0.2333462998779999,Slow traffic from W Southern Ave (S 7th Ave) to W Broadway Rd (S 7th Ave) due to roadwork.,701.0,W Tamarisk St,L,Phoenix,Maricopa,AZ,85041-2314,US,US/Mountain,KPHX,2021-08-02 10:51:00,97.0,97.0,32.0,28.79,10.0,E,8.0,0.0,Fair,False,False,False,False,False,False,False,False,True,False,False,False,False,Day,Day,Day,Day
C-5189037,2,2021-04-21 06:15:30,2021-04-21 19:52:38,39.70469600000001,-104.916319,39.702307,-104.912078,0.279410602261,Slow traffic on CO-83 from S Holly St (Leetsdale Dr/CO-83) to S Quebec St (Leetsdale Dr/S Parker Rd/CO-83) due to roadwork.,6175.0,Leetsdale Dr,L,Denver,Denver,CO,80224,US,US/Mountain,KBKF,2021-04-21 05:58:00,25.0,16.0,93.0,24.49,10.0,ESE,9.0,0.0,Light Snow,False,False,False,False,False,True,False,False,True,False,False,False,False,Day,Day,Day,Day
C-5189038,4,2018-05-16 01:06:54,2018-05-16 07:06:54,34.154161,-118.157504,34.15167,-118.14439,0.769327896074,Closed at CA-134 - Closed due to roadwork.,,Foothill Fwy E,R,Pasadena,Los Angeles,CA,91103,US,US/Pacific,KMWS,,,,,,,,,,,False,False,False,False,True,False,False,False,False,False,False,False,False,Night,Night,Night,Night
C-5189039,2,2021-03-22 09:10:00,2021-03-22 13:27:00,36.994523,-120.099676,36.97465800000001,-120.076519,1.87545680131,Slow traffic on CA-99 S from Avenue 17 (CA-99) to Cleveland Ave (CA-99) due to roadwork.,,CA-99 S,R,Madera,Madera,CA,93637,US,US/Pacific,KMAE,2021-03-22 08:53:00,48.0,48.0,80.0,29.94,10.0,S,3.0,0.0,Fair,False,False,False,False,False,False,False,False,False,False,False,False,False,Day,Day,Day,Day
C-5189040,2,2019-06-18 11:32:11,2019-06-22 11:31:34,38.94773,-94.88934,38.94115,-94.85751,1.7698632164099997,Between Cedar Cr Pky and KS-7 - Construction work.,,KS-10 E,R,Lenexa,Johnson,KS,66227,US,US/Central,KIXD,2019-06-18 11:33:00,76.0,76.0,67.0,28.8,10.0,NNE,3.0,0.0,Partly Cloudy,False,False,False,False,True,False,False,False,False,False,False,False,False,Day,Day,Day,Day
C-5189042,2,2020-11-17 16:24:00,2020-11-18 00:27:00,28.148898,-82.756771,28.155349,-82.756762,0.445721986725,Slow traffic on US-19 Alt S - US-19 Alt N from Orange St (US-19 Alt) to Anclote Blvd (US-19 Alt) due to roadwork.,223.0,N Pinellas Ave,L,Tarpon Springs,Pinellas,FL,34689-3419,US,US/Eastern,KPIE,2020-11-17 16:53:00,74.0,74.0,32.0,30.17,10.0,NNE,10.0,0.0,Fair,False,False,False,False,False,False,False,False,True,False,False,True,False,Day,Day,Day,Day
C-5189043,2,2020-06-18 09:03:19,2020-06-19 06:00:00,41.51051,-71.36634000000002,41.50003,-71.32678,2.17127835117,Between Claiborne Pell Brg Plaza and Claiborne Pell Brg (East) - Bridge maintenance work.,,RI-138 E,R,Jamestown,Newport,RI,02835,US,US/Eastern,KUUU,2020-06-18 08:53:00,65.0,65.0,90.0,30.03,3.0,CALM,0.0,0.0,Cloudy,False,False,False,False,False,False,False,False,False,False,False,False,False,Day,Day,Day,Day
C-5189044,2,2021-02-17 00:38:30,2021-02-17 11:44:19,37.88868,-84.652248,37.886307,-84.660526,0.480252201141,Roadwork on KY-29/Wilmore Rd (Harrodsburg Rd/US-68) from KY-33/Pekin Pike (Harrodsburg Rd/US-68) to US-68 E - KY-29 - US-68 W.,8806.0,Harrodsburg Rd,R,Nicholasville,Jessamine,KY,40356-8523,US,US/Eastern,KLEX,2021-02-17 00:54:00,4.0,4.0,88.0,29.22,10.0,S,3.0,0.0,Fair,False,False,False,False,False,False,False,False,False,False,False,False,False,Night,Night,Night,Night
C-5189045,2,2021-06-24 17:43:27,2021-06-24 19:12:05,25.944593,-80.17987099999998,25.94162,-80.18719,0.498978382125,Stationary traffic on FL-860 from 15th Ave (FL-860) to I-95/FL-915/6th Ave (FL-860) due to roadwork.,1059.0,NE Miami Gardens Dr,R,Miami,Miami-Dade,FL,33179-4615,US,US/Eastern,KHWO,2021-06-24 17:53:00,82.0,82.0,71.0,30.04,10.0,ESE,6.0,0.0,Fair,False,False,True,False,False,False,False,False,False,False,False,False,False,Day,Day,Day,Day
C-5189046,2,2019-05-20 22:04:32,2019-05-26 22:01:56,28.54939,-81.38303,28.54938,-81.38242,0.0370285913968,At Garland Ave - Construction work. Right lane blocked.,486.0,N Hughey Ave,L,Orlando,Orange,FL,32801,US,US/Eastern,KORL,2019-05-22 21:53:00,77.0,77.0,66.0,30.04,10.0,E,8.0,0.0,Fair,False,False,True,False,True,False,False,False,False,False,False,True,False,Night,Night,Night,Night
C-5189047,3,2021-12-01 10:51:27,2021-12-01 15:30:00,42.463024,-87.962967,,,0.0,Right hand shoulder closed due to construction work on I-94 Eastbound near Exit 2 IL-173.,,I-94 E,R,Wadsworth,Lake,IL,60083,US,US/Central,KUGN,2021-12-01 10:55:00,46.0,40.0,71.0,29.1,10.0,SW,13.0,0.0,Cloudy,False,False,False,False,False,False,False,False,False,False,False,False,False,Day,Day,Day,Day
C-5189048,2,2021-04-01 12:05:48,2021-04-01 15:30:00,37.469311,-122.211807,,,0.340000003576,One lane closed due to utility work on CA-82 El Camino Real Northbound from 5th Ave to Berkshire Ave.,2.0,Berkshire Ave,R,Redwood City,San Mateo,CA,94063-3606,US,US/Pacific,KSQL,2021-04-01 11:55:00,68.0,68.0,49.0,29.97,10.0,N,6.0,0.0,Fair,False,False,False,False,False,False,False,False,False,True,False,False,False,Day,Day,Day,Day
C-5189049,2,2021-01-15 04:04:34,2021-01-15 06:01:00,37.849419,-122.48946399999998,,,1.71000003815,Exit ramp from US-101 Northbound to Monte Mar Dr closed due to paving repairs.,,CA-1 N,R,Sausalito,Marin,CA,94965,US,US/Pacific,KSFO,2021-01-15 20:56:00,56.0,56.0,75.0,30.23,10.0,E,3.0,0.0,Mostly Cloudy,False,False,False,False,True,False,False,False,False,False,False,False,False,Night,Night,Night,Night
C-5189050,2,2021-01-22 23:43:54,2021-01-23 00:20:52,39.371232,-86.259327,39.371264,-86.263182,0.205918236663,Stationary traffic on IN-252 - IN-135 from IN-252 (IN-135) to IN-252/W Washington St/Marion St (IN-135) due to roadwork.,144.0,E Washington St,R,Morgantown,Morgan,IN,46160-9782,US,US/Eastern,K1II,2021-01-22 21:45:00,25.0,11.0,54.0,29.48,10.0,NW,17.0,,Fair,False,False,False,False,False,False,False,False,False,False,False,False,False,Night,Night,Night,Night
C-5189051,3,2018-12-29 07:01:45,2019-01-02 07:01:25,30.043029,-90.627659,30.055155,-90.662504,2.24608773902,At LA-44 - Roadwork. Single alternate lane traffic.,3708.0,Jefferson Hwy,R,Mount Airy,St. John the Baptist,LA,70076,US,US/Central,KL38,2018-12-29 06:53:00,52.0,52.0,86.0,30.09,10.0,NNE,8.0,0.0,Cloudy,False,False,False,False,False,False,False,False,False,False,False,False,False,Day,Day,Day,Day
C-5189052,3,2021-08-27 01:00:00,2021-08-28 00:59:00,38.239357,-86.128242,,,0.0,Left lane closed due to construction work on I-64 Westbound at Exit 105 IN-135.,,I-64 E,R,Corydon,Harrison,IN,47112,US,US/Eastern,KSDF,2021-08-27 00:56:00,79.0,79.0,72.0,29.57,10.0,ESE,5.0,0.0,Mostly Cloudy,False,False,False,False,False,False,False,False,False,False,False,False,False,Night,Night,Night,Night
C-5189053,2,2021-06-18 16:44:00,2021-06-18 20:07:00,39.795064,-104.987964,39.781541,-104.989575,0.938256998414,Slow traffic on I-25 S - US-87 S from 58th Ave/Exit 215 (I-25) to I-70/Exit 214 (I-25) due to roadwork.,,I-25 S,R,Denver,Adams,CO,80216,US,US/Mountain,KBJC,2021-06-18 16:48:00,84.0,84.0,27.0,24.43,30.0,ESE,6.0,0.0,Mostly Cloudy,False,False,False,False,False,False,False,False,False,False,False,False,False,Day,Day,Day,Day
C-5189054,2,2019-08-19 12:26:43,2019-08-24 09:30:57,47.672144,-122.11901,47.671383,-122.11307,0.281321331126,Between 166th Ave NE and 170th Ave NE - Construction work.,16680.0,Cleveland St,L,Redmond,King,WA,98052-4416,US,US/Pacific,KBFI,2019-08-19 12:53:00,69.0,69.0,57.0,29.99,10.0,W,7.0,0.0,Mostly Cloudy,False,False,True,False,False,False,False,False,False,False,False,True,False,Day,Day,Day,Day
C-5189055,2,2021-09-24 12:41:30,2021-09-24 13:16:00,40.238938,-86.127728,40.271018,-86.126972,2.21687535077,Slow traffic on US-31 N from E 296th St/E 600 S (US-31) to IN-28/W 200 S (CR-600/US-31) due to roadwork.,4501.0,S US Highway 31,R,Tipton,Tipton,IN,46072,US,US/Central,KOKK,2021-09-24 12:56:00,74.0,74.0,33.0,29.16,10.0,SW,15.0,0.0,Fair,False,False,False,False,False,False,False,False,False,False,False,False,False,Day,Day,Day,Day
C-5189056,2,2020-10-21 12:47:30,2020-10-21 17:14:19,40.232538,-79.583486,40.239822,-79.576883,0.612032137822,Queuing traffic on US-119 N from Helman St / Wilson St to Depot Rd due to roadwork.,478.0,S 3rd St,L,Youngwood,Westmoreland,PA,15697-1155,US,US/Eastern,KLBE,2020-10-21 12:43:00,75.0,75.0,57.0,28.95,20.0,SW,18.0,0.0,Fair,False,False,False,False,False,False,False,False,False,False,False,False,False,Day,Day,Day,Day
C-5189057,2,2019-10-14 21:01:19,2019-10-19 21:00:37,47.64425,-122.30256,47.64451,-122.30001,0.120054965461,Ramp to Montlake Blvd - Construction work. Right lane blocked.,,WA-520 E,R,Seattle,King,WA,98112,US,US/Pacific,KBFI,2019-10-15 20:53:00,57.0,57.0,67.0,29.93,10.0,SSE,8.0,0.0,Cloudy,False,False,False,False,False,False,False,False,False,False,False,True,False,Night,Night,Night,Night
C-5189058,3,2017-07-18 22:00:00,2017-07-19 05:00:00,28.693991,-81.558945,,,5.28999996185,Road closed due to construction during the night on FL-429 Northbound from FL-414 Exit 30 to Fudge Rd. Detour in operation - via FL-414.,,FL-429 N,R,Apopka,Orange,FL,32703,US,US/Eastern,KORL,2017-07-18 18:13:00,72.0,,97.0,30.09,0.8,SW,24.2,0.47,Heavy Thunderstorms and Rain,False,False,False,False,False,False,True,False,False,False,False,False,False,Night,Night,Night,Night
C-5189059,2,2021-06-29 16:45:38,2021-09-04 22:27:31,40.64107,-76.09987,40.645849,-76.138531,2.05358227619,Roadwork on PA 61 northbound between SCULPSHILL RD and JUGHANDLE RD MARKET ST. There is a lane restriction.,1051.0,Centre Tpke,R,Orwigsburg,Schuylkill,PA,17961-9057,US,US/Eastern,KRDG,2021-08-16 08:54:00,73.0,73.0,76.0,29.82,10.0,N,3.0,0.0,Cloudy,False,False,False,False,False,False,False,False,False,False,False,True,False,Day,Day,Day,Day
C-5189060,2,2019-05-16 09:33:41,2019-05-21 09:31:25,33.522744,-111.925845,33.525456,-111.92579,0.187408132092,At Scottsdale Rd - Construction work.,5879.0,N Scottsdale Rd,R,Scottsdale,Maricopa,AZ,85250,US,US/Mountain,KSDL,2019-05-17 10:53:00,67.0,67.0,25.0,28.24,10.0,VAR,3.0,0.0,Fair,False,False,False,False,False,False,False,False,False,False,False,False,False,Day,Day,Day,Day
C-5189062,2,2021-09-20 00:00:00,2021-09-25 00:44:59,40.841005,-73.92199000000002,40.843663,-73.92004,0.210039161675,Construction on SHAKESPEARE AVE near EDWARD L GRANT HWY Allow extra time.,1367.0,Edward L Grant Hwy,R,Bronx,Bronx,NY,10452-3105,US,US/Eastern,KLGA,2021-09-20 00:51:00,68.0,68.0,63.0,30.22,10.0,NNE,3.0,0.0,Fair,False,False,True,False,False,False,False,False,False,False,False,True,False,Night,Night,Night,Night
C-5189063,2,2021-04-23 03:18:00,2021-04-23 03:43:30,46.940363,-120.122848,46.946803,-120.201338,3.72911949967,Slow traffic on I-90 W from Vantage Hwy/Exit 136 (I-90) to Cleman Rd/Main St/Exit 115 (I-90) due to roadwork.,,I-90 W,R,Ellensburg,Kittitas,WA,98926,US,US/Pacific,KELN,2021-04-23 02:53:00,46.0,41.0,66.0,27.92,10.0,NW,12.0,0.0,Fair,False,False,False,False,False,False,False,False,False,False,False,False,False,Night,Night,Night,Night
C-5189064,2,2020-07-31 09:00:00,2020-07-31 16:00:00,41.54943,-73.73189,41.54783,-73.73232,0.1127633615709999,At CR-30/Holmes Rd/Milltown Rd - Bridge maintenance work. Lane blocked.,3355.0,Route 52,L,Stormville,Dutchess,NY,12582-5641,US,US/Eastern,KPOU,2020-07-31 08:53:00,72.0,72.0,68.0,29.64,10.0,NNE,5.0,0.0,Fair,False,False,False,False,False,False,False,False,False,False,False,False,False,Day,Day,Day,Day
C-5189065,2,2021-02-13 13:40:00,2021-02-13 17:33:25,30.817304,-98.080028,30.815201,-98.076624,0.248821755868,Roadwork on County Road 200 from Bertram to RM-1174.,6244.0,N FM 1174,L,Bertram,Burnet,TX,78605,US,US/Central,KBMQ,2021-02-13 13:53:00,26.0,18.0,78.0,28.78,10.0,N,8.0,0.0,Cloudy,False,False,False,False,False,False,False,False,False,False,False,False,False,Day,Day,Day,Day
C-5189066,2,2020-11-23 18:25:00,2020-11-23 21:27:44,34.612663,-92.525982,34.61577,-92.516081,0.602545094769,Stationary traffic on AR-5 from Alcoa Rd (Stagecoach Rd/AR-5) to Springhill Rd (Stagecoach Rd/AR-5) due to roadwork.,2691.0,Highway 5 N,L,Benton,Saline,AR,72019,US,US/Central,KLIT,2020-11-23 18:53:00,47.0,44.0,77.0,29.96,10.0,E,6.0,0.0,Mostly Cloudy,False,False,False,False,False,False,False,False,False,False,False,True,False,Night,Night,Night,Day
C-5189067,2,2021-03-19 05:33:00,2021-12-10 20:34:21,39.667259,-75.77408199999998,39.665306,-75.776382,0.1821344991799999,Slow traffic on DE-896 - DE-279 from DE-896/DE-273/New London Rd/Main St (DE-2 Bus/Elkton Rd/W Delaware Ave) to DE-2/DE-4/Christina Pkwy (DE-2 Bus/Elkton Rd) due to roadwork.,798.0,Suburban Dr,R,Newark,New Castle,DE,19711,US,US/Eastern,KILG,2021-10-15 14:51:00,80.0,80.0,60.0,29.82,10.0,WSW,9.0,0.0,Fair,False,False,True,False,False,False,False,False,False,False,False,True,False,Night,Night,Night,Night
C-5189068,2,2021-11-12 14:43:26,2021-11-12 16:46:20,26.649431,-80.20336400000002,26.650807,-80.204262,0.110063460238,Stationary traffic on FL-7 - US-441 N - FL-882 from Wellington Green Mall to Wellington Edge Blvd due to roadwork.,1860.0,State Road 7,R,Wellington,Palm Beach,FL,33414,US,US/Eastern,KPBI,2021-11-12 14:53:00,77.0,77.0,69.0,29.98,10.0,WNW,6.0,0.0,Mostly Cloudy,False,False,False,False,False,False,False,False,False,False,False,False,False,Day,Day,Day,Day
C-5189069,2,2020-08-19 01:44:00,2020-08-19 05:30:05,40.540975,-74.308617,40.541501,-74.304559,0.216149595039,Roadwork on New Jersey Turnpike inner roadway Southbound between South of Interchange 11 - Garden State Parkway (Woodbridge Twp) and South of Interchange 10 - NJ 440/I-287 (Edison Twp) 1 left lane closed until 5:00 A.M.,,Garden State Pkwy S,R,Fords,Middlesex,NJ,08863,US,US/Eastern,KLDJ,2020-08-19 01:35:00,73.0,73.0,62.0,29.88,10.0,CALM,0.0,0.0,Mostly Cloudy,False,False,False,False,False,False,False,False,False,False,False,False,False,Night,Night,Night,Night
C-5189070,2,2021-10-28 13:49:31,2021-10-28 14:09:31,40.67296500000001,-73.734935,40.683338,-73.726626,0.838586977002,Slow traffic from Francis Lewis Blvd/Exit 24 (Belt Pkwy) to Southern State Pkwy/Exit 25 (Belt Pkwy) due to roadwork.,,Laurelton Pkwy E,R,Rosedale,Queens,NY,11422,US,US/Eastern,KJFK,2021-10-28 13:51:00,56.0,56.0,67.0,29.94,10.0,CALM,0.0,0.0,Mostly Cloudy,False,False,False,False,True,False,False,False,False,False,False,False,False,Day,Day,Day,Day
C-5189071,2,2020-09-24 03:07:38,2020-09-25 03:54:29,39.095346,-76.841638,39.095416,-76.842167,0.0287760424854,Construction on MD-198 WB near IRVING ST Expect delays.,299.0,Fort Meade Rd,L,Laurel,Prince George's,MD,20707-4400,US,US/Eastern,KFME,2020-09-24 03:15:00,54.0,54.0,94.0,29.83,10.0,CALM,0.0,,Fair,False,False,False,False,False,False,False,False,False,False,False,True,False,Night,Night,Night,Night
C-5189072,2,2016-11-14 09:40:01,2016-11-14 15:37:51,41.83188,-77.09014,41.816153,-77.091059,1.08766194966,Between PA-287 and US-6/E Roosevelt Hwy - Roadwork. Lane blocked.,,US-15 S,R,Mansfield,Tioga,PA,16933,US,US/Eastern,KELM,2016-11-14 09:53:00,42.1,,53.0,30.04,10.0,Calm,,,Clear,False,False,False,False,True,False,False,False,False,False,False,False,False,Day,Day,Day,Day
C-5189073,2,2019-03-14 12:33:18,2019-03-14 12:58:30,40.302223,-74.303719,,,1.78999996185,Emergency repairs and construction work on US-9 Southbound from Franklin Ln to Taylors Mills Rd.,,US Highway 9,R,Englishtown,Monmouth,NJ,07726,US,US/Eastern,KBLM,2019-03-14 12:56:00,52.0,,61.0,30.21,10.0,ESE,8.1,,Clear,False,False,False,False,False,False,False,False,False,False,False,False,False,Day,Day,Day,Day
C-5189074,3,2018-02-02 20:01:03,2018-02-03 02:01:03,33.05093,-96.8298,33.083743,-96.824055,2.29143636078,Between Parker Rd and Legacy Dr - Construction work.,,Dallas North Tollway N,R,Plano,Collin,TX,75093,US,US/Central,KADS,2018-02-02 19:47:00,46.4,43.5,29.0,30.35,13.0,East,5.8,,Clear,False,False,False,False,True,False,False,False,False,False,False,False,False,Night,Night,Night,Night
C-5189075,2,2020-04-07 16:07:05,2020-04-07 17:01:59,39.09062,-76.85813,39.10334,-76.84277,1.20448421519,Between Contee Rd and Main St - Roadwork. Left lane closed.,14669.0,Baltimore Ave,R,Laurel,Prince George's,MD,20707-4902,US,US/Eastern,KFME,2020-04-07 16:03:00,57.0,57.0,94.0,29.7,1.0,CALM,0.0,,Cloudy,False,False,False,False,False,False,False,False,False,False,False,True,False,Day,Day,Day,Day
C-5189076,2,2018-06-28 18:26:35,2018-09-21 15:00:00,42.511761,-90.657409,42.513274,-90.655141,0.155791770932,At E 16th St/Riverview Park Dr - Roadwork. Contraflow.,,Wisconsin Brg,R,Dubuque,Dubuque,IA,52001,US,US/Central,KDBQ,2018-06-28 16:53:00,81.0,,69.0,29.87,10.0,SSE,12.7,,Clear,False,False,False,False,False,False,False,False,False,False,False,False,False,Day,Day,Day,Day
C-5189077,2,2021-09-22 17:46:30,2021-09-22 18:15:30,46.53106500000001,-91.164211,46.531141,-91.178389,0.673951236392,Stationary traffic on US-2 W - US-2 E from US-63 (US-2) to Oneida St (US-2) due to roadwork.,19822.0,US Highway 2,L,Ashland,Bayfield,WI,54806,US,US/Central,KASX,2021-09-22 17:53:00,63.0,63.0,48.0,29.31,10.0,NE,9.0,0.0,Fair,False,False,False,False,False,False,False,False,False,False,False,False,False,Day,Day,Day,Day
C-5189078,4,2017-10-16 10:48:22,2017-10-16 16:48:22,41.90362,-87.64808000000002,41.89641,-87.64774,0.498470319288,Closed at Chicago Ave - Closed. Construction work.,803.0,W Division St,L,Chicago,Cook,IL,60642-4214,US,US/Central,KMDW,2017-10-16 10:53:00,55.0,,62.0,30.33,10.0,WSW,9.2,,Clear,False,False,True,False,False,False,False,False,True,False,False,True,False,Day,Day,Day,Day
C-5189079,2,2020-10-28 00:51:06,2020-10-28 01:11:47,40.745494,-73.953181,40.746879,-73.952715,0.0987544427636,Stationary traffic from 51st Ave (Vernon Blvd) to Queens Plz (Vernon Blvd) due to resurfacing work.,776.0,47th Ave,R,Long Island City,Queens,NY,11101,US,US/Eastern,KNYC,2020-10-28 00:51:00,53.0,53.0,69.0,30.03,10.0,CALM,0.0,0.0,Cloudy,True,False,True,False,False,False,False,False,True,False,False,True,False,Night,Night,Night,Night
C-5189080,2,2021-06-05 09:16:00,2021-06-05 09:36:00,41.39601,-87.327534,41.398321,-87.330611,0.225677272257,Stationary traffic on US-231 N - US-231 S from I-65 (Crown Point) (US-231) to IN-53/Broadway/E Greenview Pl (US-231) due to roadwork.,2713.0,W State Road 231,L,Crown Point,Lake,IN,46307,US,US/Central,KIGQ,2021-06-05 09:15:00,79.0,79.0,53.0,29.3,10.0,SW,12.0,0.0,Fair,False,False,False,False,False,False,False,False,False,False,False,False,False,Day,Day,Day,Day
C-5189081,2,2018-10-17 13:00:00,2018-10-18 21:00:00,38.89457,-77.06769,38.90134000000001,-77.18753000000002,6.461113757130001,Between US-50/Arlington Blvd/GW Pky and VA-267/Exit 67 - Maintenance work. Left lane blocked.,,I-66 W,R,Arlington,Arlington,VA,22209,US,US/Eastern,KDCA,2018-10-17 12:52:00,66.0,,32.0,30.06,10.0,WSW,13.8,,Scattered Clouds,False,False,False,False,False,False,False,False,False,False,False,False,False,Day,Day,Day,Day
C-5189082,2,2020-12-30 23:14:30,2020-12-31 17:21:27,46.94275,-117.335154,47.104045,-117.378957,11.33379004,Roadwork on WA-26/W Walla Walla Hwy (US-195) from Oakesdale Rd (US-195) to US-195 S - WA-195 - US-195 N.,38945.0,State Route 195,R,Colfax,Whitman,WA,99111,US,US/Pacific,KPUW,2020-12-30 23:17:00,35.0,31.0,78.0,27.24,10.0,ESE,5.0,0.0,Cloudy,False,False,False,False,False,False,False,False,False,False,False,False,False,Night,Night,Night,Night
C-5189083,3,2020-01-17 04:41:21,2020-01-17 06:30:00,43.077778,-78.990364,,,6.53000020981,Left lane blocked due to maintenance work on I-190 Northbound from Exit 19 CR-75 Whitehaven Rd to Exit 21 NY-384 Buffalo Ave.,,I-190 N,R,Niagara Falls,Niagara,NY,14304,US,US/Eastern,KIAG,2020-01-17 04:36:00,14.0,0.0,74.0,30.09,10.0,NNW,12.0,0.0,Partly Cloudy,False,False,False,False,False,False,False,False,False,False,False,False,False,Night,Night,Night,Night
C-5189084,2,2020-05-06 07:00:00,2020-05-06 19:00:00,37.35086,-108.45345,37.35086,-108.45345,0.0,At CO-145/State St/Denny St - Construction work.,32279.0,Highway 160,L,Cortez,Montezuma,CO,81321-8830,US,US/Mountain,KCEZ,2020-05-06 06:53:00,33.0,33.0,59.0,24.33,10.0,CALM,0.0,0.0,Fair,False,False,False,False,False,False,False,False,False,False,False,False,False,Day,Day,Day,Day
C-5189085,2,2021-12-06 17:29:04,2021-12-06 19:10:30,35.163713,-101.885812,35.163435,-101.883901,0.109637836028,Stationary traffic from Teckla Blvd / Cherokee Trl to S Western St due to roadwork.,4269.0,SW 45th Ave,L,Amarillo,Randall,TX,79109-5401,US,US/Central,KAMA,2021-12-06 17:53:00,37.0,29.0,30.0,26.41,10.0,S,13.0,0.0,Fair,False,False,False,False,False,False,False,False,False,False,False,False,False,Day,Day,Day,Day
C-5189086,2,2021-06-07 12:40:55,2021-09-18 18:29:09,40.81274000000001,-73.937627,40.814751,-73.940298,0.197014940089,Slow traffic from E 135th St / 5th Ave to W 136th St due to roadwork.,,E 135th St,R,New York,New York,NY,10037,US,US/Eastern,KNYC,2021-09-18 17:51:00,80.0,,62.0,29.89,10.0,,,0.0,Fair,False,False,True,False,False,False,True,False,True,False,False,True,False,Day,Day,Day,Day
C-5189087,2,2018-10-30 13:36:57,2018-11-03 13:37:40,41.55167,-75.65173,41.5816,-75.65425,2.07206514532,Between PA-632/Exit 197 and PA-107/Exit 202 - Roadwork. Lane blocked. Open.,,I-81 N,R,Olyphant,Lackawanna,PA,18447,US,US/Eastern,KAVP,2018-10-30 13:54:00,51.1,,33.0,30.09,10.0,NNW,9.2,,Clear,False,False,False,False,False,False,False,False,False,False,False,False,False,Day,Day,Day,Day
C-5189088,2,2020-11-15 15:44:00,2020-11-15 20:22:20,40.609265,-73.969038,40.609557,-73.966302,0.14492333841,Slow traffic from 65th St (Avenue P) to Coney Island Ave (Avenue P) due to roadwork.,502.0,Avenue P,R,Brooklyn,Kings,NY,11223-2043,US,US/Eastern,KJRB,2020-11-15 15:51:00,58.0,58.0,72.0,29.76,10.0,SE,12.0,0.0,Cloudy,False,False,True,False,False,False,False,False,False,False,False,True,False,Day,Day,Day,Day
C-5189089,2,2021-07-30 13:29:24,2021-08-24 10:05:30,40.766795,-74.021403,40.754783,-73.997034,1.52160871349,Slow traffic on NY-495 E - NJ-495 E from Boulevard E to W 34th St due to roadwork.,,Lincoln Tunl E,R,Weehawken,Hudson,NJ,07086,US,US/Eastern,KNYC,2021-08-24 08:51:00,78.0,78.0,74.0,29.84,10.0,VAR,6.0,0.0,Fair,False,False,True,False,False,False,False,False,False,False,False,True,False,Day,Day,Day,Day
C-5189090,2,2021-12-10 15:42:00,2021-12-10 16:02:00,30.543057,-89.670299,30.546754,-89.668898,0.268698399943,Slow traffic on MS-43 - US-11 N from MS-43/Memorial Blvd (US-11) to Old MS-11 (US-11) due to roadwork.,501.0,E Sycamore Rd,R,Picayune,Pearl River,MS,39466-2670,US,US/Central,KASD,2021-12-10 15:53:00,79.0,79.0,74.0,29.9,10.0,S,16.0,0.0,Partly Cloudy,False,False,False,False,False,False,False,False,False,False,False,False,False,Day,Day,Day,Day
C-5189091,3,2018-02-06 23:00:00,2018-02-07 05:00:00,42.34869000000001,-71.04570799999998,,,0.15000000596,Entry ramp to I-90 Westbound from Congress St Southbound closed due to maintenance work.,,Massport Haul Rd,R,Boston,Suffolk,MA,02210,US,US/Eastern,KBOS,2018-02-06 22:54:00,30.0,24.1,59.0,30.51,10.0,WNW,5.8,,Clear,False,False,False,False,False,False,False,False,False,False,False,False,False,Night,Night,Night,Night
C-5189092,2,2020-06-17 08:49:50,2020-06-21 08:51:17,40.19725,-74.79472,40.20163,-74.78718,0.4999198154689999,Between US-1/US-1-br and Pennsylvania Ave - Roadwork. Open.,,US-1 N,R,Morrisville,Bucks,PA,19067,US,US/Eastern,KTTN,2020-06-17 08:53:00,67.0,67.0,66.0,30.03,10.0,ENE,12.0,0.0,Fair,False,False,False,False,True,False,False,False,False,False,False,False,False,Day,Day,Day,Day
C-5189093,2,2019-02-03 21:02:58,2019-02-08 21:02:00,25.80165,-80.189181,25.803207,-80.18928000000002,0.107754573935,At 27th Ter - Construction work. Lane blocked.,300.0,NE 26th St,R,Miami,Miami-Dade,FL,33137-4727,US,US/Eastern,KMIA,2019-02-04 20:53:00,69.1,,84.0,30.05,10.0,NE,4.6,,Mostly Cloudy,False,False,True,False,False,False,False,False,False,False,False,True,False,Night,Night,Night,Night
C-5189094,2,2021-04-28 13:22:30,2021-05-03 02:56:59,40.159081,-75.29818399999998,40.155062,-75.302235,0.3505302704779999,Roadwork on PA-73/Skippack Pike (DeKalb Pike/US-202) from US-202/Swede Rd (DeKalb Pike/US-202) to US-202 S - US-202 N.,1357.0,Dekalb Pike,R,Blue Bell,Montgomery,PA,19422,US,US/Eastern,KLOM,2021-04-28 13:15:00,84.0,84.0,33.0,29.53,10.0,W,8.0,0.0,Fair,False,False,False,False,False,False,False,False,False,False,False,False,False,Day,Day,Day,Day
C-5189095,2,2019-02-13 18:02:14,2019-02-18 18:01:01,32.46096,-93.82999,32.46136,-94.04296,12.4157434033,Between Jewella Ave/Exit 14 and Louisiana/Texas State Line - Construction work. Right lane blocked.,,I-20 W,R,Shreveport,Caddo,LA,71109,US,US/Central,KSHV,2019-02-13 17:56:00,57.0,,34.0,30.09,10.0,SSW,5.8,,Overcast,False,False,False,False,False,False,False,False,False,False,False,False,False,Night,Day,Day,Day
C-5189096,2,2020-10-20 13:02:00,2020-10-21 00:48:58,39.708763,-86.38316800000004,39.709702,-86.37946600000002,0.207193422993,Stationary traffic on IN-267 from Simmons St (US-40/E Main St/IN-267) to US-40/E Main St (Plainfield) (South) (Quaker Blvd/IN-267) due to roadwork.,1405.0,E Main St,R,Plainfield,Hendricks,IN,46168-1766,US,US/Eastern,KIND,2020-10-20 12:54:00,49.0,45.0,86.0,29.35,8.0,NE,9.0,0.0,Cloudy,False,False,False,False,False,False,False,False,False,False,False,False,False,Day,Day,Day,Day
C-5189097,3,2020-06-23 04:02:55,2020-06-23 09:17:00,40.30407,-76.88119499999998,,,0.0,Restrictions on exit ramp due to construction work on I-81 Southbound at Exit 67B-A US-22.,,I-81 S,R,Harrisburg,Dauphin,PA,17110,US,US/Eastern,KCXY,2020-06-23 03:56:00,70.0,70.0,84.0,29.47,10.0,CALM,0.0,0.0,Partly Cloudy,False,False,False,False,False,False,False,False,False,False,False,False,False,Night,Night,Night,Day
C-5189098,2,2021-10-05 10:00:00,2021-10-05 16:00:00,34.119808,-78.060338,34.114099,-78.064475,0.4599945987520001,Northwest of Bolivia / Both Directions. NCDOT bridge maintenance crews will be doing a shoulder repair to a washout on Lords Brach Rd across Rices Creek 0.4 mile North of SR1531 Caison Loop Rd.   ,1100.0,Lords Branch Rd SE,R,Winnabow,Brunswick,NC,28479-5610,US,US/Eastern,KSUT,2021-10-05 09:55:00,82.0,82.0,73.0,30.09,10.0,ENE,7.0,0.0,Fair,False,False,False,False,False,False,False,False,False,False,False,False,False,Day,Day,Day,Day
C-5189099,2,2021-11-11 18:06:46,2021-11-11 18:30:02,28.377055,-81.504387,28.382511,-81.505439,0.382359574596,Slow traffic on FL-535 from FL-536/World Center Dr (CR-535) to CR-435/Apopka Vineland Rd/Palm Pkwy (CR-535) due to roadwork.,,State Road 535,R,Orlando,Orange,FL,32821,US,US/Eastern,KMCO,2021-11-11 17:53:00,73.0,73.0,87.0,29.94,10.0,CALM,0.0,0.0,Mostly Cloudy,False,False,False,False,False,False,False,False,False,False,False,False,False,Night,Night,Day,Day
C-5189100,2,2021-04-21 19:01:00,2021-04-22 06:46:00,39.162244,-122.911475,39.160672,-122.897945,0.7329343084280001,Construction on CA-20 EB near CLOVER CRK Expect long delays.,9301.0,Main St,L,Upper Lake,Lake,CA,95485-9602,US,US/Pacific,KUKI,2021-04-21 18:56:00,74.0,74.0,26.0,29.11,10.0,N,5.0,0.0,Fair,False,False,False,False,False,False,False,False,False,False,False,False,False,Day,Day,Day,Day
C-5189102,3,2020-06-24 11:04:57,2020-06-24 16:00:00,41.058334,-73.512451,,,3.05999994278,Right lane blocked due to construction on I-95 Governor John Davis Lodge Tpke Northbound from Exit 7 to Exit 9.,,Governor John Davis Lodge Tpke,R,Stamford,Fairfield,CT,06902,US,US/Eastern,KHPN,2020-06-24 10:56:00,78.0,78.0,60.0,29.25,10.0,NW,15.0,0.0,Mostly Cloudy,False,False,False,False,False,False,False,False,False,False,False,False,False,Day,Day,Day,Day
C-5189103,2,2021-06-03 08:10:00,2021-06-03 10:50:23,41.84872100000001,-87.665903,41.852335,-87.6671,0.257190929778,Slow traffic from I-55 S to S Paulina St due to roadwork.,2391.0,S Ashland Ave,L,Chicago,Cook,IL,60608-5303,US,US/Central,KMDW,2021-06-03 07:53:00,68.0,68.0,56.0,29.26,9.0,SW,3.0,0.0,Fair,False,False,False,False,False,False,False,False,False,False,False,False,False,Day,Day,Day,Day
C-5189104,2,2020-10-03 14:35:00,2020-10-03 21:03:41,41.868899,-88.281265,41.867938,-88.27941700000002,0.11597323375,Stationary traffic from Cleanwater Dr to Douglas Rd due to roadwork.,1300.0,E Fabyan Pkwy,R,Batavia,Kane,IL,60510,US,US/Central,KDPA,2020-10-03 14:52:00,53.0,53.0,61.0,29.32,10.0,SW,7.0,0.0,Cloudy,False,False,False,False,False,False,False,False,False,False,False,False,False,Day,Day,Day,Day
C-5189105,2,2020-07-14 07:00:00,2020-07-23 13:44:13,42.789965,-84.373723,42.840397,-84.21224699999998,8.89507541246,Construction on I-69 EB near COLBY LAKE RD Construction. Left lane closed.,,I-69 E,R,Haslett,Clinton,MI,48840,US,US/Eastern,KLAN,2020-07-14 06:53:00,61.0,61.0,90.0,29.16,10.0,CALM,0.0,0.0,Fair,False,False,False,False,False,False,False,False,False,False,False,False,False,Day,Day,Day,Day
C-5189106,4,2019-03-23 17:07:13,2019-03-23 22:06:39,43.61171,-116.59446,43.609199,-116.597652,0.235795483638,Closed at I-84/US-30 - Closed due to roadwork.,,Midland Blvd,R,Nampa,Canyon,ID,83687,US,US/Mountain,KMAN,2019-03-23 17:15:00,57.2,,51.0,29.96,10.0,SE,8.1,,Scattered Clouds,False,False,False,False,False,False,False,False,False,False,False,True,False,Day,Day,Day,Day
C-5189107,2,2021-12-30 15:34:00,2021-12-30 16:20:30,47.764269,-120.784887,47.74574000000001,-120.737656,2.54016646744,Slow traffic on US-2 W - US-2 E from White Pine Rd (US-2) to Winton Rd (US-2) due to roadwork.,19946.0,W US Highway 2,L,Leavenworth,Chelan,WA,98826-9228,US,US/Pacific,KEAT,2021-12-30 15:55:00,16.0,5.0,74.0,28.39,10.0,NW,8.0,0.0,Cloudy,False,False,False,False,False,False,False,False,False,False,False,False,False,Day,Day,Day,Day
C-5189108,2,2020-12-23 13:12:30,2020-12-24 03:31:18,33.08184,-80.20865500000002,33.081851,-80.20746700000002,0.0687808497932,Slow traffic from Road 16 exit [194] to I-26 E due to roadwork.,,I-26 E,R,Summerville,Berkeley,SC,29483,US,US/Eastern,KDYB,2020-12-23 13:15:00,66.0,66.0,52.0,30.21,10.0,VAR,6.0,0.0,Mostly Cloudy,False,False,False,False,False,False,False,False,False,False,False,False,False,Day,Day,Day,Day
C-5189109,3,2020-01-10 22:00:00,2020-01-13 04:00:00,33.866611,-117.542213,,,0.699999988079,Entry ramp to I-15 Northbound from Magnolia Ave Westbound closed due to construction.,,Corona Fwy N,R,Corona,Riverside,CA,92879,US,US/Pacific,KAJO,2020-01-10 21:56:00,46.0,46.0,76.0,29.67,10.0,CALM,0.0,0.0,Fair,False,False,False,False,False,False,False,False,False,False,False,False,False,Night,Night,Night,Night
C-5189110,2,2021-04-26 08:48:22,2021-04-26 19:21:00,40.824223,-73.874207,40.821836,-73.888289,0.7545261030120001,Slow traffic on I-278 W from White Plains Rd (I-278) to I-895 (I-278) due to roadwork.,,Bruckner Expy W,R,Bronx,Bronx,NY,10472,US,US/Eastern,KLGA,2021-04-26 08:51:00,45.0,37.0,46.0,30.0,10.0,NW,18.0,0.0,Partly Cloudy,False,False,True,False,True,False,False,False,False,False,False,False,False,Day,Day,Day,Day
C-5189111,2,2021-12-12 11:32:00,2021-12-12 11:54:30,40.476869,-86.08194499999998,40.482246,-86.085153,0.407980942968,Stationary traffic on US-35 N from E 00 NS to US-31 N due to roadwork.,,E 00 NS,R,Kokomo,Howard,IN,46902,US,US/Central,KOKK,2021-12-12 11:56:00,44.0,36.0,55.0,29.33,10.0,SW,18.0,0.0,Fair,False,False,False,False,False,False,False,False,False,False,False,True,False,Day,Day,Day,Day
C-5189112,2,2019-02-26 22:45:09,2021-09-12 21:10:00,39.14764,-84.53833,39.15722,-84.54765,0.8291535300820001,Between I-75/US-27/US-127/Exit 20 and US-27/Beekman St/Exit 18 - Roadwork.,,I-74 W,R,Cincinnati,Hamilton,OH,45223,US,US/Eastern,KLUK,2019-02-26 22:53:00,33.1,28.7,64.0,30.31,10.0,NE,4.6,,Clear,False,False,False,False,True,False,False,False,False,False,False,False,False,Night,Night,Night,Night
C-5189113,3,2021-11-08 05:33:44,2021-11-12 06:02:00,25.840719,-80.383636,,,1.16999995708,Entry ramp to Florida's Turnpike North Northbound from Nw 74th St Westbound closed due to construction work.,,NW 74th St,R,Miami,Miami-Dade,FL,33178,US,US/Eastern,KMIA,2021-11-08 05:53:00,62.0,62.0,84.0,30.06,10.0,NW,8.0,0.0,Fair,False,False,False,False,True,False,False,False,False,False,False,False,False,Night,Night,Night,Day
C-5189114,2,2021-11-23 15:12:30,2021-11-23 17:16:10,33.378775,-112.06462,33.377799,-112.065207,0.0754622432367,Stationary traffic from E Fremont Rd to S Mardian Way due to roadwork.,7355.0,S 7th St,L,Phoenix,Maricopa,AZ,85042,US,US/Mountain,KPHX,2021-11-23 14:51:00,77.0,77.0,19.0,28.66,10.0,NW,7.0,0.0,Cloudy,False,False,False,False,False,False,False,False,False,False,False,False,False,Day,Day,Day,Day
C-5189115,2,2021-10-30 17:51:00,2021-10-30 19:54:22,25.928167,-80.19994,25.928253,-80.204391,0.27664298028,Stationary traffic on FL-826 from NE 1st Ave to NW 2nd Ave due to roadwork.,29.0,NE 167th St,L,Miami,Miami-Dade,FL,33162-3402,US,US/Eastern,KHWO,2021-10-30 17:53:00,78.0,78.0,56.0,29.79,10.0,NW,10.0,0.0,Cloudy,False,False,False,False,False,False,False,False,True,False,False,False,False,Day,Day,Day,Day
C-5189116,2,2021-06-20 11:38:30,2021-06-25 18:49:01,39.001616,-77.347734,39.000843,-77.34491700000002,0.160410569034,Stationary traffic on VA-193 - VA-7 from Sugarland Rd to Seneca Rd due to roadwork.,11615.0,Leesburg Pike,L,Herndon,Fairfax County,VA,20170-2102,US,US/Eastern,KIAD,2021-06-20 11:52:00,86.0,86.0,57.0,29.52,10.0,SSW,9.0,0.0,Mostly Cloudy,False,False,True,False,False,False,False,False,False,False,False,True,False,Day,Day,Day,Day
C-5189117,2,2020-09-14 11:59:30,2020-09-14 17:36:41,26.683911,-80.324276,26.68373900000001,-80.31811,0.380842524225,Roadwork on US-98 from CR-880 (US-98) to Seminole Pratt Whitney Rd (US-98).,17410.0,Southern Blvd,L,Loxahatchee,Palm Beach,FL,33470,US,US/Eastern,KPBI,2020-09-14 11:53:00,87.0,87.0,69.0,29.99,10.0,ESE,13.0,0.0,Mostly Cloudy,False,False,False,False,False,False,False,False,False,False,False,False,False,Day,Day,Day,Day
C-5189118,2,2021-10-11 20:13:34,2021-10-11 22:16:31,39.740097,-104.848899,39.741542,-104.846942,0.144147489026,Slow traffic on US-40 E - I-70 Bus E - US-287 S from Oswego St to E 16th Ave due to roadwork.,11942.0,E Colfax Ave,R,Aurora,Arapahoe,CO,80010-5110,US,US/Mountain,KBKF,2021-10-11 19:58:00,58.0,58.0,35.0,24.11,10.0,SSE,18.0,0.0,Fair,False,False,False,False,False,False,False,False,False,False,False,False,False,Night,Night,Night,Night
C-5189120,4,2019-07-26 01:48:20,2019-07-26 06:48:20,29.6078,-98.46232,29.609967,-98.481218,1.1450545076,Closed between Gold Canyon Dr and Voigt Dr/Stone Oak Pky - Closed due to roadwork.,,TX-1604,R,San Antonio,Bexar,TX,78232,US,US/Central,KSAT,2019-07-26 01:51:00,72.0,72.0,66.0,29.22,10.0,SE,5.0,0.0,Fair,False,False,False,False,True,False,False,False,False,False,False,False,False,Night,Night,Night,Night
C-5189121,2,2021-12-03 14:13:30,2021-12-03 14:34:00,36.863191,-76.29339,36.861496,-76.29020899999998,0.211275800283,Stationary traffic from Colley Ave (W Princess Anne Rd) to Llewellyn Ave (W Princess Anne Rd) due to roadwork.,436.0,W Princess Anne Rd,R,Norfolk,Norfolk,VA,23517-2105,US,US/Eastern,KNGU,2021-12-03 13:59:00,60.0,60.0,39.0,30.0,10.0,CALM,0.0,0.0,Fair,False,False,False,False,False,False,False,False,False,False,False,True,False,Day,Day,Day,Day
C-5189122,2,2020-08-29 05:30:30,2020-08-30 08:06:33,39.700746,-96.418768,39.701597,-96.418771,0.0587987163121999,Roadwork on KS-99 from Bobcat Ln (KS-99) to KS-9/2nd St/N Kansas Ave (KS-99).,171.0,S Kansas Ave,R,Frankfort,Marshall,KS,66427,US,US/Central,KMHK,2020-08-29 05:35:00,69.0,69.0,93.0,28.83,3.0,NE,13.0,0.27,T-Storm,False,False,False,False,False,False,False,False,False,False,False,False,False,Night,Night,Night,Day
C-5189124,4,2020-12-23 05:04:31,2020-12-30 07:59:00,42.891609,-112.441986,42.89160800000001,-112.441564,0.0213620816463,Closed road from E Alameda Rd to Jefferson Ave due to roadwork.,,E Alameda Rd,R,Pocatello,Bannock,ID,83201,US,US/Mountain,KPIH,2020-12-23 04:53:00,21.0,11.0,81.0,25.8,10.0,WSW,9.0,0.0,Fair,False,False,False,False,False,False,False,False,False,False,False,False,False,Night,Night,Night,Night
C-5189125,2,2021-11-18 13:53:00,2021-11-18 14:13:30,30.205598,-95.578767,30.208258,-95.574418,0.318142531012,Stationary traffic on FM-2978 from Woodlands Pkwy (FM-2978) to Research Forest Dr (FM-2978) due to roadwork.,31419.0,FM 2978 Rd,L,Magnolia,Montgomery,TX,77354-6034,US,US/Central,KDWH,2021-11-18 13:53:00,67.0,67.0,61.0,30.12,10.0,NE,13.0,0.0,Fair,False,False,False,False,False,False,False,False,False,False,False,False,False,Day,Day,Day,Day
C-5189126,2,2021-05-03 00:00:00,2021-07-15 19:00:00,46.096125,-91.861187,46.060001,-91.882117,2.68997571001,Mainline Moving Lane Closure on WIS 77 Westbound from US 53 to COUNTY K.,,Birch Trl,R,Minong,Washburn,WI,54859,US,US/Central,KHYR,2021-05-03 00:53:00,46.0,42.0,73.0,28.34,10.0,NNE,8.0,0.0,Fair,False,False,False,False,False,False,False,False,False,False,False,False,False,Night,Night,Night,Night
C-5189127,2,2021-10-20 07:17:00,2021-10-20 07:30:30,37.237724,-97.338384,37.242092,-97.338489,0.301855316166,Slow traffic on Kansas Tpke N - I-35 N from E 40th St S to US-160 exit [19] due to roadwork.,,I-35 N,R,Wellington,Sumner,KS,67152,US,US/Central,KWLD,2021-10-20 07:11:00,62.0,62.0,80.0,28.76,10.0,S,8.0,0.0,Cloudy,False,False,False,False,False,False,False,False,False,False,False,False,False,Night,Day,Day,Day
C-5189128,2,2021-09-10 17:32:51,2021-09-10 19:36:01,42.693082,-73.68701800000002,42.692143,-73.686288,0.0747234548737,Stationary traffic on US-4 N - NY-136 - US-4 S - County Hwy-70 from Vandenburgh Ave to Bloomingrove Dr due to roadwork.,51.0,N Greenbush Rd,L,Troy,Rensselaer,NY,12180-8329,US,US/Eastern,KALB,2021-09-10 17:51:00,66.0,66.0,48.0,29.62,10.0,WNW,13.0,0.0,Partly Cloudy,False,False,False,False,False,False,False,False,True,False,False,False,False,Day,Day,Day,Day
C-5189129,2,2021-09-14 07:43:00,2021-09-14 09:50:00,33.524002,-112.121245,33.524025,-112.116892,0.250737987761,Slow traffic from N 35th Ave (W Bethany Home Rd) to I-17/N Black Canyon Hwy (W Bethany Home Rd) due to roadwork.,5999.0,N 29th Ave,R,Phoenix,Maricopa,AZ,85017,US,US/Mountain,KPHX,2021-09-14 07:51:00,83.0,83.0,36.0,28.65,10.0,E,7.0,0.0,Fair,False,False,True,False,False,False,False,False,False,True,False,True,False,Day,Day,Day,Day
C-5189130,2,2021-06-21 13:50:31,2021-06-21 14:18:30,39.694437,-86.186724,39.692441,-86.186988,0.138622859302,Stationary traffic on IN-37 from I-74/I-465 (IN-37) to W Edgewood Ave (IN-37) due to roadwork.,4700.0,S Harding St,R,Indianapolis,Marion,IN,46217,US,US/Eastern,KIND,2021-06-21 13:54:00,74.0,74.0,62.0,28.89,10.0,NW,21.0,0.0,Mostly Cloudy / Windy,False,False,False,False,False,False,False,False,False,False,False,True,False,Day,Day,Day,Day
C-5189131,3,2020-05-26 05:00:00,2020-05-29 05:00:00,47.551201,-122.068481,,,2.01999998093,Exit ramp from I-90 Eastbound to 17th Ave Nw Eastbound intermittent ramp closures due to construction.,,I-90 E,R,Issaquah,King,WA,98027,US,US/Pacific,KRNT,2020-05-26 04:53:00,51.0,51.0,92.0,30.09,9.0,N,7.0,0.0,Cloudy,False,False,False,False,False,False,False,False,False,False,False,False,False,Night,Day,Day,Day
C-5189132,4,2019-12-17 15:19:12,2019-12-22 15:17:18,34.1855,-118.318,34.185790000000004,-118.31833,0.0275179016531,Ramp closed to I-5 Southbound - Closed due to roadwork.,,W Burbank Blvd,R,Burbank,Los Angeles,CA,91502,US,US/Pacific,KBUR,2019-12-17 14:53:00,64.0,64.0,14.0,29.33,10.0,W,7.0,0.0,Partly Cloudy,False,False,False,False,False,False,False,False,False,False,False,False,False,Day,Day,Day,Day
C-5189133,2,2017-03-15 10:01:10,2017-03-15 16:01:10,40.84752,-73.92954,40.84522,-73.92452,0.306752193078,Between 181st St/Amsterdam Ave and I-95/US-1/Cross Bronx Expy - Construction work.,,Washington Brg,R,New York,New York,NY,10040,US,US/Eastern,KLGA,2017-03-15 09:51:00,25.0,11.3,53.0,29.6,10.0,West,18.4,,Mostly Cloudy,False,False,False,False,True,False,False,False,False,False,False,False,False,Day,Day,Day,Day
C-5189134,2,2019-03-08 09:02:00,2019-03-12 10:01:20,33.945570000000004,-118.37849,33.952659999999995,-118.37705,0.496776396355,At Aviation Blvd - Construction work. Lane blocked.,,W Century Blvd,R,Los Angeles,Los Angeles,CA,90045,US,US/Pacific,KLAX,2019-03-08 08:53:00,55.9,,62.0,30.04,10.0,West,20.7,,Scattered Clouds,False,False,False,False,False,False,False,False,False,False,False,True,False,Day,Day,Day,Day
C-5189135,2,2020-12-01 13:09:30,2020-12-02 02:31:00,28.257065,-81.492056,28.255188,-81.48347199999998,0.5382809318249999,Slow traffic on US-92 E - US-17 N - US-92 W - US-17 S from CR-532/Osceola Polk Line Rd (US-92/US-17) to CR-535/Broad St/Ham Brown Rd (US-92/US-17) due to roadwork.,5220.0,S Orange Blossom Trl,L,Kissimmee,Osceola,FL,34758,US,US/Eastern,KISM,2020-12-01 12:56:00,53.0,53.0,38.0,30.1,10.0,NNW,10.0,0.0,Fair,False,False,True,False,False,False,True,False,False,False,False,False,False,Day,Day,Day,Day
C-5189136,2,2019-05-20 08:41:15,2019-05-24 08:42:52,40.73944,-76.30219,40.518332,-76.467934,17.5763490025,Between PA-61/Exit 124 and PA-72/Exit 90 - Roadwork. Open.,,I-81 S,R,Ashland,Schuylkill,PA,17921,US,US/Eastern,KMUI,2019-05-20 07:56:00,67.0,67.0,98.0,29.35,10.0,CALM,0.0,0.0,Partly Cloudy,False,False,False,False,False,False,False,False,False,False,False,False,False,Day,Day,Day,Day
C-5189137,2,2020-11-20 20:46:00,2020-11-20 22:04:30,46.948217,-123.616329,46.974777,-123.600909,1.97393016087,Stationary traffic on WA-107 from US-101 (WA-107) to US-12 (WA-107) due to roadwork.,2.0,Melbourne Rd,L,Montesano,Grays Harbor,WA,98563-9505,US,US/Pacific,KHQM,2020-11-20 20:53:00,48.0,48.0,89.0,30.43,10.0,CALM,0.0,0.0,Cloudy,False,False,True,False,False,False,True,False,False,False,False,False,False,Night,Night,Night,Night
C-5189138,2,2021-09-27 15:38:34,2021-09-27 15:58:34,40.788448,-73.951049,40.790324,-73.949675,0.14821389313,Stationary traffic from E 97th St (Park Ave) to E 116th St/Luis Munoz Marin Blvd (Park Ave) due to roadwork.,1299.0,Park Ave,R,New York,New York,NY,10029-7138,US,US/Eastern,KNYC,2021-09-27 15:51:00,77.0,,43.0,29.78,10.0,,,0.0,Fair,False,False,True,False,False,False,True,False,False,True,False,True,False,Day,Day,Day,Day
C-5189139,2,2021-04-06 03:00:30,2021-04-06 16:05:54,28.190416,-82.378165,28.193852000000003,-82.382995,0.3779872419919999,Stationary traffic on FL-56 from CR-581/Bruce B Downs Blvd (FL-56) to I-75 (FL-56) due to roadwork.,2300.0,Willow Oak Dr,R,Wesley Chapel,Pasco,FL,33544-5604,US,US/Eastern,KVDF,2021-04-06 02:55:00,55.0,55.0,94.0,30.1,10.0,CALM,0.0,0.0,Fair,False,False,False,False,False,False,False,False,False,False,False,True,False,Night,Night,Night,Night
C-5189140,2,2021-08-12 18:01:30,2021-08-12 18:24:00,32.251979,-103.741138,32.238821,-103.722863,1.4025029509,Stationary traffic on NM-128 from Wipp Rd (NM-128) to Buck Jackson Rd (NM-128) due to roadwork.,,NM-128,R,Loving,Eddy,NM,88256,US,US/Mountain,KCNM,2021-08-12 17:53:00,80.0,80.0,56.0,26.59,10.0,W,6.0,0.0,Fair,False,False,False,False,False,False,False,False,False,False,False,False,False,Day,Day,Day,Day
C-5189141,2,2019-05-20 21:06:03,2019-05-27 21:01:34,33.80345,-84.3931,33.80345,-84.3931,0.0,At Peachtree St NW - Construction work.,1787.0,Peachtree St NE,R,Atlanta,Fulton,GA,30309-2404,US,US/Eastern,KFTY,2019-05-23 20:53:00,85.0,85.0,53.0,29.25,10.0,SSE,6.0,0.0,Cloudy,False,False,False,False,False,False,False,False,False,False,False,False,False,Night,Night,Day,Day
C-5189142,2,2021-09-02 08:03:10,2021-09-02 10:31:10,40.723901,-73.84929699999998,40.723894,-73.846544,0.144156967763,Slow traffic on NY-25 from 67th Rd to 69th Rd due to roadwork.,,Queens Blvd,R,Forest Hills,Queens,NY,11375,US,US/Eastern,KLGA,2021-09-02 07:51:00,64.0,64.0,72.0,29.74,10.0,NNW,14.0,0.0,Mostly Cloudy,False,False,False,False,False,False,False,False,False,True,False,True,False,Day,Day,Day,Day
C-5189143,2,2020-09-23 12:51:00,2020-09-24 00:53:23,42.155697,-87.954499,42.154399,-87.956475,0.135229969113,Queuing traffic on County Hwy-W17 - County Hwy-73 from Armstrong Dr to McHenry Rd due to resurfacing work.,151.0,N Weiland Rd,R,Buffalo Grove,Lake,IL,60089-7004,US,US/Central,KPWK,2020-09-23 12:52:00,78.0,78.0,50.0,29.34,10.0,SSW,8.0,0.0,Fair,False,False,False,False,False,False,False,False,False,False,False,False,False,Day,Day,Day,Day
C-5189144,2,2016-04-04 07:00:00,2016-10-31 07:00:00,40.006126,-78.67482,,,0.07,Single alternate line traffic due to construction on PA-31 (Dew Drop Bridge) both ways from T402/ Diehl Road to Hyde Road. Detour in operation - T-405 T-440 (Boozer Road) Route 3019 (Skipback Road) Route 4036 (Buena Road) to Route 31 (Allegheny Road)..,3490.0,Allegheny Rd,L,Manns Choice,Bedford,PA,15550-7804,US,US/Eastern,KHMZ,2016-04-04 06:55:00,50.7,,59.0,29.77,10.0,Calm,,,,False,False,False,False,False,False,False,False,False,False,False,False,False,Day,Day,Day,Day
C-5189145,2,2018-10-17 06:26:16,2018-10-17 07:53:31,40.468563,-74.408073,,,7.090000152589999,Two lanes closed due to construction on NJ-18 Northbound between County Hwy-527 Old Bridge Tpke and Eggers St.,,S Woodland Ave,R,East Brunswick,Middlesex,NJ,08816,US,US/Eastern,KLDJ,2018-10-17 06:15:00,44.6,,81.0,30.02,10.0,Calm,,,Clear,False,False,True,False,False,False,False,False,False,False,False,True,False,Night,Night,Day,Day
C-5189146,2,2018-12-18 09:03:15,2018-12-22 09:02:59,25.84706,-80.20915,25.855768,-80.209469,0.601992361422,Between 79th St and Little River Dr - Construction work.,700.0,NW 79th St,L,Miami,Miami-Dade,FL,33150-3136,US,US/Eastern,KOPF,2018-12-18 08:53:00,62.1,,78.0,30.13,10.0,North,5.8,,Clear,False,False,False,False,False,False,False,False,False,False,False,True,False,Day,Day,Day,Day
C-5189147,3,2019-05-06 05:18:58,2019-05-12 05:00:55,40.175482,-75.281888,40.16701,-75.29019,0.7312734910400001,At PA-73/Skippack Pike - Maintenance work. Lane blocked.,416.0,Dekalb Pike,L,Blue Bell,Montgomery,PA,19422-1443,US,US/Eastern,KLOM,2019-05-06 05:15:00,52.0,52.0,100.0,29.59,10.0,CALM,0.0,0.0,Cloudy,False,False,False,False,False,False,False,False,False,False,False,True,False,Night,Night,Day,Day
C-5189148,2,2021-12-01 08:25:00,2021-12-01 08:45:00,27.846191,-82.688796,27.839731,-82.684213,0.526896991332,Stationary traffic on US-19 S from CR-611/49th St (US-19) to FL-694/Gandy Blvd/Park Blvd (US-19) due to roadwork.,8118.0,US Highway 19 N,L,Pinellas Park,Pinellas,FL,33781-1743,US,US/Eastern,KPIE,2021-12-01 08:53:00,61.0,61.0,81.0,30.23,10.0,ENE,6.0,0.0,Fair,False,False,True,False,False,False,False,False,False,False,False,True,False,Day,Day,Day,Day
C-5189149,4,2021-10-04 10:18:00,2021-10-14 23:59:00,33.657711,-84.32913,33.65777,-84.32779000000002,0.0771722352651,Closed road from US-23/GA-42/Moreland Ave (Cedar Grove Rd) to E Conley Rd (Cedar Grove Rd) due to roadwork.,1479.0,Cedar Grove Rd,R,Conley,DeKalb,GA,30288-1202,US,US/Eastern,KATL,2021-10-04 10:26:00,69.0,69.0,93.0,28.92,10.0,SSW,3.0,0.0,Light Rain,False,False,False,False,False,False,False,False,False,False,False,False,False,Day,Day,Day,Day
C-5189150,2,2021-12-18 12:43:18,2021-12-18 13:04:31,40.738058,-73.478972,40.738894,-73.48507,0.324424956046,Stationary traffic from Bethpage State Pkwy (Central Ave) to NY-107/Hicksville Rd (Central Ave) due to roadwork.,227.0,Central Ave,L,Bethpage,Nassau,NY,11714-3922,US,US/Eastern,KFRG,2021-12-18 12:53:00,41.0,36.0,89.0,29.97,9.0,E,7.0,0.0,Cloudy,True,False,True,False,False,False,False,False,False,False,False,False,False,Day,Day,Day,Day
C-5189151,2,2021-04-22 11:50:48,2021-04-23 12:38:38,39.650387,-77.733962,39.652006,-77.738109,0.247351774074,Construction on US-40 WB near BRYAN PL Expect delays.,924.0,W Franklin St,R,Hagerstown,Washington,MD,21740-4573,US,US/Eastern,KHGR,2021-04-22 11:53:00,46.0,38.0,35.0,29.25,10.0,W,21.0,0.0,Mostly Cloudy / Windy,True,False,False,False,False,False,False,False,False,False,False,True,False,Day,Day,Day,Day
C-5189152,2,2020-11-10 21:48:05,2020-11-10 23:10:58,41.082537,-74.832192,41.087085,-74.82788000000002,0.386228892968,Slow traffic on CR-521 from Main St (Maple Ave/Stillwater Rd/CR-521) to Mount Benevolence Rd (West Shore Dr/CR-521) due to roadwork.,901.0,Lotus Ter,R,Newton,Sussex,NJ,07860-4320,US,US/Eastern,K12N,2020-11-10 21:53:00,54.0,54.0,90.0,29.67,10.0,CALM,0.0,0.0,Partly Cloudy,False,False,False,False,False,False,False,False,False,False,False,False,False,Night,Night,Night,Night
C-5189153,2,2021-07-01 12:30:00,2021-07-01 12:54:00,38.963321,-85.827033,38.958287,-85.843016,0.926461056348,Slow traffic on US-50 W - US-50 E from S CR-700 W (US-50) to I-65 (US-50) due to roadwork.,11445.0,E US Highway 50,R,Seymour,Jackson,IN,47274-7553,US,US/Eastern,KBAK,2021-07-01 12:50:00,72.0,72.0,88.0,29.23,10.0,NW,6.0,,Cloudy,False,False,False,False,True,False,False,False,False,False,False,False,False,Day,Day,Day,Day
C-5189154,2,2021-11-12 08:00:00,2021-11-12 17:00:00,33.285946,-84.11264,33.285862,-84.108942,0.213668364976,Roadwork from Wallace Rd to I-75 S.,966.0,Jenkinsburg Rd,R,Locust Grove,Spalding,GA,30248-5006,US,US/Eastern,K6A2,2021-11-12 07:55:00,46.0,46.0,93.0,29.08,1.0,CALM,0.0,0.0,Cloudy,False,False,False,False,False,False,False,False,False,False,False,False,False,Day,Day,Day,Day
C-5189155,2,2019-07-08 00:00:00,2019-09-28 21:00:00,43.419708,-85.799477,,,0.0,Lane closed due to construction work on M-37 State Rd both ways at Quarterline Rd.,8.0,State Rd,L,Newaygo,Newaygo,MI,49337-8128,US,US/Eastern,KFFX,2019-07-08 00:19:00,64.0,64.0,73.0,29.22,10.0,CALM,0.0,0.0,Fair,False,False,True,False,False,False,False,False,False,False,False,True,False,Night,Night,Night,Night
C-5189156,2,2019-02-14 20:02:45,2019-02-19 19:02:14,41.749929,-72.709733,41.75001,-72.71215500000002,0.124973855611,At Prospect Ave/Exit 44 - Construction work.,,I-84 W,R,Hartford,Hartford,CT,06106,US,US/Eastern,KHFD,2019-02-14 19:53:00,34.0,31.0,61.0,30.06,10.0,SSE,3.5,,Partly Cloudy,False,False,False,False,False,False,False,False,False,False,False,False,False,Night,Night,Night,Night
C-5189157,2,2019-02-14 23:02:30,2021-12-30 11:48:15,29.53372700000001,-95.808279,29.532507,-95.809315,0.10480609092,Slow traffic on TX-36 from Callender St to Houston St due to roadwork.,3313.0,1st St,L,Rosenberg,Fort Bend,TX,77471-5846,US,US/Central,KSGR,2021-11-11 13:53:00,77.0,77.0,58.0,29.9,10.0,N,10.0,0.0,Fair,False,False,False,False,False,False,False,False,False,False,False,False,False,Night,Night,Night,Night
C-5189159,2,2020-04-27 07:00:00,2020-07-03 17:00:00,39.35639000000001,-119.38855,39.35639000000001,-119.38855,0.0,At Roys Rd - Construction work.,5898.0,Roys Rd,R,Silver Springs,Lyon,NV,89429-9568,US,US/Pacific,KNFL,2020-04-27 06:56:00,48.0,46.0,44.0,26.08,10.0,S,5.0,0.0,Fair,False,False,False,False,False,False,False,False,False,False,False,False,False,Day,Day,Day,Day
C-5189160,2,2020-05-05 11:49:51,2020-05-07 00:49:51,28.75645,-81.28748,28.71492000000001,-81.32451,3.64235604315,Between Airport Blvd and SR-434 - Roadwork. Right lane closed.,,S Orlando Dr,R,Sanford,Seminole,FL,32773,US,US/Eastern,KSFB,2020-05-05 11:53:00,85.0,85.0,44.0,29.93,10.0,WNW,8.0,0.0,Fair,False,False,False,False,False,False,False,False,False,False,False,True,False,Day,Day,Day,Day
C-5189161,2,2021-11-16 17:18:30,2021-11-16 19:21:58,41.720668,-87.703062,41.721494,-87.70180400000002,0.0864062110113,Slow traffic on US-12 E - US-20 E from S Sawyer Ave to W 94th St due to roadwork.,3227.0,W 95th St,L,Evergreen Park,Cook,IL,60805-2300,US,US/Central,KMDW,2021-11-16 16:53:00,48.0,42.0,61.0,29.24,10.0,SSE,14.0,0.0,Mostly Cloudy,False,False,False,False,False,False,False,False,False,False,False,False,False,Night,Night,Day,Day
C-5189162,2,2021-04-16 04:15:00,2021-04-16 14:09:52,25.68472,-80.433263,25.684894,-80.428024,0.326435315042,Slow traffic on FL-94 from FL-997/Krome Ave (N Kendall Dr) to 137th Ave (N Kendall Dr) due to roadwork.,14910.0,SW 88th St,R,Miami,Miami-Dade,FL,33196,US,US/Eastern,KTMB,2021-04-16 03:53:00,69.0,69.0,87.0,29.9,10.0,CALM,0.0,0.0,Fair,False,False,False,False,False,False,False,False,True,False,False,False,False,Night,Night,Night,Night
C-5189163,2,2020-08-26 16:08:30,2020-08-26 18:56:20,40.742958,-73.839701,40.741278,-73.842941,0.205527667847,Roadwork from Long Is Expwy exit [12B] to Long Island Expy W.,,Long Island Expy W,R,Corona,Queens,NY,11368,US,US/Eastern,KLGA,2020-08-26 15:51:00,79.0,79.0,31.0,29.89,10.0,WNW,20.0,0.0,Mostly Cloudy,False,False,False,False,False,False,False,False,False,False,False,False,False,Day,Day,Day,Day
C-5189164,2,2021-09-11 11:48:00,2021-09-11 13:51:00,33.639004,-111.925502,33.637653,-111.92346299999998,0.149901656679,Stationary traffic from E Princess Blvd / E Princess Dr to N 76th St due to roadwork.,17008.0,N Scottsdale Rd,R,Scottsdale,Maricopa,AZ,85255-9616,US,US/Mountain,KSDL,2021-09-11 11:53:00,96.0,96.0,28.0,28.34,10.0,S,6.0,0.0,Fair,False,False,False,False,False,False,False,False,False,False,False,False,False,Day,Day,Day,Day
C-5189165,2,2021-08-01 12:15:55,2021-08-01 12:35:55,41.71762800000001,-74.397003,41.71718,-74.395309,0.0926874758923,Slow traffic on US-209 N - US-209 S - NY-52 from Park St to N Main St / Canal St due to roadwork.,52.0,Center St,R,Ellenville,Ulster,NY,12428-5418,US,US/Eastern,KMGJ,2021-08-01 11:54:00,74.0,74.0,55.0,29.49,10.0,SSW,14.0,0.0,Fair,False,False,False,False,False,False,False,False,False,False,False,False,False,Day,Day,Day,Day
C-5189166,2,2021-12-14 13:39:00,2021-12-14 16:15:49,32.870967,-97.339577,32.871475,-97.342423,0.1688448957799999,Slow traffic on FM-156 from Cloudcroft Ln to Highland Station Dr due to roadwork.,,Cloudcroft Ln,R,Fort Worth,Tarrant,TX,76131,US,US/Central,KFWD,2021-12-14 13:53:00,75.0,75.0,64.0,29.33,10.0,S,17.0,0.0,Cloudy,False,False,False,False,False,False,False,False,False,False,False,False,False,Day,Day,Day,Day
C-5189167,2,2020-10-27 16:10:00,2020-10-28 16:59:38,40.019605,-75.144097,40.019494,-75.146335,0.118668442857,Construction on US-1 SB near RIDGE AVE Allow extra time.,,US-1 S,R,Philadelphia,Philadelphia,PA,19140,US,US/Eastern,KPNE,2020-10-27 15:54:00,62.0,62.0,58.0,30.02,10.0,NNW,5.0,0.0,Fair,False,False,False,False,True,False,False,False,False,False,False,False,False,Day,Day,Day,Day
C-5189168,3,2019-01-31 19:00:00,2019-02-01 06:00:00,34.150089,-118.156998,,,0.25,Exit ramp from I-210 Eastbound at Exit 25A to CA-134 Westbound closed due to construction work.,339.0,W Walnut St,R,Pasadena,Los Angeles,CA,91103-3501,US,US/Pacific,KMWS,,,,,,,,,,,False,False,False,False,False,False,False,False,False,False,False,False,False,Night,Night,Night,Night
C-5189169,3,2019-04-26 02:30:46,2019-08-02 20:07:11,38.998431,-77.07715,38.98792,-77.07717,0.7262417270479999,At MD-410/East-West Hwy - Construction work. Two lanes blocked. Lane blocked.,8691.0,Connecticut Ave,R,Chevy Chase,Montgomery,MD,20815-6826,US,US/Eastern,KCGS,2019-04-26 02:24:00,56.0,56.0,88.0,29.74,10.0,CALM,0.0,0.0,Cloudy,False,False,False,False,False,False,False,False,False,False,False,True,False,Night,Night,Night,Night
C-5189170,2,2021-06-13 20:16:35,2021-06-14 05:01:35,45.466071,-122.786067,45.472051,-122.786147,0.4131968323659999,Construction on OR-217 NB near MP 2 Construction. Right lane closed.,,Beaverton Tigard Fwy N,R,Beaverton,Washington,OR,97008,US,US/Pacific,KHIO,2021-06-13 19:53:00,63.0,63.0,90.0,29.7,10.0,S,5.0,0.0,Cloudy,False,False,False,False,True,False,False,False,False,False,False,False,False,Day,Day,Day,Day
C-5189171,2,2021-03-12 05:59:00,2021-12-22 11:14:30,29.659502000000003,-82.37091,29.659017,-82.37240600000001,0.0958687961696,Stationary traffic on FL-338 - FL-121 from NW 31st Dr to NW 7th Pl due to roadwork.,3301.0,NW 8th Ave,L,Gainesville,Alachua,FL,32605-5073,US,US/Eastern,KGNV,2021-03-12 06:40:00,48.0,48.0,93.0,30.21,10.0,CALM,0.0,0.0,Fair,False,False,True,False,False,False,False,False,False,False,False,False,False,Night,Night,Day,Day
C-5189172,2,2021-08-12 18:28:05,2021-08-12 20:31:10,25.685158,-80.419893,25.686252,-80.416521,0.223152705216,Slow traffic on FL-825 - FL-94 from SW 139th Ave to SW 86th St due to roadwork.,13888.0,SW 88th St,L,Miami,Miami-Dade,FL,33186-1304,US,US/Eastern,KTMB,2021-08-12 18:14:00,81.0,81.0,74.0,30.0,10.0,NE,8.0,0.0,Fair,False,False,True,False,False,False,False,False,True,False,False,True,False,Day,Day,Day,Day
C-5189173,2,2021-06-07 07:00:00,2021-07-30 18:45:00,43.057358,-74.18735699999998,43.054652,-74.192764,0.330866152938,Construction on NY-29 SB near PINE ST Expect delays.,23.0,Pine St,R,Broadalbin,Fulton,NY,12025-3132,US,US/Eastern,KSCH,2021-06-07 07:45:00,72.0,72.0,73.0,29.66,15.0,SSW,5.0,0.0,Fair,False,False,False,False,False,False,False,False,False,False,False,True,False,Day,Day,Day,Day
C-5189174,2,2021-12-14 12:51:00,2021-12-14 15:08:31,44.059972,-121.300717,44.060977,-121.302533,0.113805502199,Stationary traffic on US-20 W - US-20 E from NE 8th St (US-20) to NE Olney Ave (US-20) due to roadwork.,398.0,NE Greenwood Ave,R,Bend,Deschutes,OR,97701-4606,US,US/Pacific,KBDN,2021-12-14 12:55:00,36.0,36.0,41.0,26.21,10.0,CALM,0.0,0.0,Fair,False,False,True,False,False,False,False,False,False,False,False,False,False,Day,Day,Day,Day
C-5189175,2,2021-04-21 05:49:00,2021-04-21 13:10:00,43.627167,-116.354367,43.635165,-116.354178,0.5526899954010001,Slow traffic on ID-55 from E Fairview Ave (ID-55) to W McMillan Rd (ID-55) due to roadwork.,2450.0,N Eagle Rd,L,Meridian,Ada,ID,83646-5718,US,US/Mountain,KMAN,2021-04-21 05:55:00,32.0,27.0,55.0,27.37,10.0,ESE,5.0,0.0,Cloudy,False,False,False,False,False,False,False,False,False,False,False,False,False,Night,Night,Day,Day
C-5189176,2,2020-05-07 13:16:41,2020-09-24 17:18:31,39.232835,-77.285402,39.236411,-77.288531,0.298477503883,Construction on I-270 NB near CLARKSBURG RD Expect delays.,,Dwight D Eisenhower Hwy N,R,Clarksburg,Montgomery,MD,20871,US,US/Eastern,KGAI,2020-05-07 12:56:00,60.0,60.0,33.0,29.33,10.0,W,14.0,0.0,Fair,False,False,False,False,False,False,False,False,False,False,False,False,False,Day,Day,Day,Day
C-5189177,2,2021-12-15 16:52:04,2021-12-15 19:12:34,40.706845,-73.990247,40.716043,-73.99551,0.692722507266,Slow traffic from Brooklyn Queens Expy to Manhattan Brg due to roadwork.,,Manhattan Brg N,R,New York,New York,NY,10002,US,US/Eastern,KJRB,2021-12-15 16:51:00,52.0,52.0,66.0,30.36,10.0,VAR,3.0,0.0,Cloudy,True,False,True,False,False,False,False,False,False,True,False,False,False,Night,Day,Day,Day
C-5189178,2,2018-12-11 08:52:33,2018-12-15 08:54:15,40.00897,-75.06812,40.08353,-74.93441999999997,8.749218771719999,Between Aramingo Ave/Exit 27 and Street Rd/Exit 37 - Roadwork. Open. Traffic problem.,,I-95 N,R,Philadelphia,Philadelphia,PA,19137,US,US/Eastern,KPNE,2018-12-11 08:54:00,33.1,,61.0,30.17,10.0,Calm,,,Clear,False,False,False,False,False,False,False,False,False,False,False,False,False,Day,Day,Day,Day
C-5189179,2,2020-07-21 15:33:00,2020-07-22 16:23:36,41.418489,-75.603779,41.413599,-75.600709,0.3734405569139999,Roadwork on I-84 eastbound between 0 miles west of Exit : (Beginning of I - 084) and .1 miles east of Exit 1: TIGUE ST. There is a lane restriction.,,I-380 S,R,Scranton,Lackawanna,PA,18512,US,US/Eastern,KAVP,2020-07-21 15:54:00,88.0,88.0,43.0,29.01,10.0,W,7.0,0.0,Fair,False,False,False,False,True,False,False,False,False,False,False,False,False,Day,Day,Day,Day
C-5189180,2,2021-12-18 18:14:00,2021-12-18 18:26:30,31.193837,-105.437228,31.190632,-105.4263,0.68280465058,Slow traffic on I-10 E from Lasca Branch Rd/Exit 99 (I-10) to I-10 Bus Loop/Exit 106 (WB)/Exit 105 (EB) (I-10) due to roadwork.,,I-10 E,R,Sierra Blanca,Hudspeth,TX,79851,US,US/Mountain,KGDP,2021-12-18 17:51:00,39.0,27.0,28.0,24.72,9.0,NE,29.0,0.0,Cloudy / Windy,False,False,False,False,False,False,False,False,False,False,False,False,False,Night,Night,Night,Day
C-5189181,2,2021-11-17 13:26:00,2021-12-14 08:48:25,36.555157,-89.60984499999998,36.554638,-89.609847,0.0358596565526999,Roadwork on MO-D (US-62/US-61) from US-62 (US-61) to US-61 S - US-61 N.,6298.0,US Highway 61,R,Marston,New Madrid,MO,63866,US,US/Central,KUCY,2021-12-14 06:35:00,46.0,46.0,81.0,29.98,10.0,CALM,0.0,0.0,Cloudy,False,False,False,False,False,False,False,False,False,False,False,False,False,Day,Day,Day,Day
C-5189182,2,2020-11-09 16:28:00,2020-11-09 16:53:41,40.765352,-73.96589399999998,40.763743,-73.962058,0.229470614032,Slow traffic from Park Ave to 2nd Ave due to roadwork.,839.0,Lexington Ave,R,New York,New York,NY,10065-7401,US,US/Eastern,KNYC,2020-11-09 16:51:00,69.0,69.0,47.0,30.16,10.0,CALM,0.0,0.0,Fair,True,False,True,False,False,False,False,False,True,False,False,True,False,Day,Day,Day,Day
C-5189184,2,2020-09-12 04:05:00,2020-09-12 13:00:00,33.205672,-84.061363,33.201742,-84.05977299999998,0.286674095676,Lane closed from GA-36 exit [201] to I-75 S due to roadwork.,,Highway 36 W,R,Jackson,Butts,GA,30233,US,US/Eastern,K6A2,,,,,,,,,,,False,False,False,False,False,False,False,False,False,False,False,False,False,Night,Night,Night,Night
C-5189185,2,2021-05-27 20:00:00,2021-05-28 06:45:00,41.550336,-73.058279,41.551874,-73.045875,0.650117993539,ConnDOT: Road Work on I-84 Eastbound between Exits 19 and 21 (0.6 miles) in effect today until Friday May 28 at 6:00 am. The right lane is closed. Reported Thursday May 27 at 10:16 pm.,,I-84 E,R,Waterbury,New Haven,CT,06708,US,US/Eastern,KOXC,2021-05-27 19:51:00,67.0,67.0,52.0,29.2,10.0,NNW,7.0,0.0,Fair,False,False,False,False,False,False,True,False,False,False,False,False,False,Day,Day,Day,Day
C-5189186,2,2021-07-06 08:22:00,2021-09-22 16:55:00,27.861294,-82.786959,27.86515,-82.78693,0.266430114626,Stationary traffic on US-19 Alt N - FL-595 from Park Blvd (US-19 Alt) to 102nd Ave (US-19 Alt) due to roadwork.,9753.0,Seminole Blvd,R,Seminole,Pinellas,FL,33772-2528,US,US/Eastern,KPIE,2021-09-22 16:53:00,87.0,87.0,67.0,29.86,10.0,WNW,15.0,0.0,Fair,False,False,False,False,False,False,False,False,False,False,False,True,False,Day,Day,Day,Day
C-5189187,3,2019-02-05 04:09:46,2019-02-05 07:00:00,32.839863,-83.646774,,,3.17000007629,Two lanes closed due to construction work on I-75 Northbound between Exit 162 US-80 Eisenhower Pkwy and Exit 164 US-41 Forsyth St.,,GA-401 N,R,Macon,Macon-Bibb County,GA,31201,US,US/Eastern,KMCN,2019-02-05 04:12:00,46.9,,100.0,30.05,1.5,Calm,,,Mostly Cloudy,False,False,False,False,False,False,False,False,False,False,False,False,False,Night,Night,Night,Night
C-5189188,2,2021-10-18 17:23:00,2021-10-18 19:30:46,33.482109,-112.073884,33.480165,-112.071914,0.175868965029,Slow traffic from W Catalina Dr to N 3rd St due to roadwork.,,N Central Ave,R,Phoenix,Maricopa,AZ,85012,US,US/Mountain,KPHX,2021-10-18 17:51:00,83.0,83.0,24.0,28.57,10.0,W,17.0,0.0,Fair,False,False,True,False,False,False,True,False,False,False,False,True,False,Day,Day,Day,Day
C-5189189,2,2021-02-16 06:11:30,2021-02-16 16:05:51,33.638438,-112.099693,33.640795000000004,-112.0997,0.162853687674,Slow traffic from W Greenway Rd (N 19th Ave) to W Union Hills Dr (N 19th Ave) due to roadwork.,16913.0,N 19th Ave,R,Phoenix,Maricopa,AZ,85023,US,US/Mountain,KDVT,2021-02-16 05:53:00,52.0,52.0,34.0,28.18,10.0,E,7.0,0.0,Cloudy,True,False,False,False,False,False,False,False,True,False,False,False,False,Night,Night,Night,Day
C-5189190,2,2021-06-15 08:41:17,2021-06-16 09:27:15,39.241222,-76.713441,39.242912,-76.71413100000002,0.122466485608,Construction on MD-166 NB near SELFORD RD Expect delays.,,Metropolitan Blvd,R,Halethorpe,Baltimore County,MD,21227,US,US/Eastern,KBWI,2021-06-15 08:54:00,72.0,72.0,71.0,29.65,10.0,NW,6.0,0.0,Fair,False,False,False,False,False,False,False,False,False,False,False,False,False,Day,Day,Day,Day
C-5189191,2,2021-06-23 15:35:34,2021-06-23 16:11:22,40.227581,-79.590747,40.232758,-79.5831,0.5391292985130001,Slow traffic on US-119 N from PA-66 Toll (US-119) to Depot St (3rd St/4th St/US-119) due to roadwork.,,US-119 N,R,New Stanton,Westmoreland,PA,15672,US,US/Eastern,KLBE,2021-06-23 15:47:00,70.0,70.0,43.0,28.98,20.0,S,8.0,0.0,Fair,False,False,False,False,False,False,False,False,False,False,False,False,False,Day,Day,Day,Day
C-5189192,2,2021-04-23 00:00:00,2021-06-30 23:59:59,34.966055,-81.24038900000002,34.963481,-81.239986,0.179304384838,TEMPORARY LANE CLOSURES . Lane closures due to resurfacing of roadway.,440.0,Devinney Rd,R,York,York,SC,29745-2117,US,US/Eastern,KUZA,2021-04-23 00:54:00,40.0,40.0,79.0,29.46,10.0,CALM,0.0,0.0,Fair,False,False,False,False,False,False,False,False,False,False,False,False,False,Night,Night,Night,Night
C-5189193,2,2020-05-25 02:34:40,2020-06-01 04:00:00,47.709103000000006,-121.984467,,,9.02999973297,Intermittent lane closures due to construction work on WA-203 Carnation-Duvall Rd Westbound between Carnation Farm Rd and 124th St.,,NE 124th St,R,Duvall,King,WA,98019,US,US/Pacific,KPAE,2020-05-25 02:53:00,54.0,54.0,77.0,29.44,10.0,N,5.0,0.0,Cloudy,False,False,True,False,False,False,False,False,False,False,False,False,False,Night,Night,Night,Night
C-5189194,2,2020-07-20 15:00:00,2020-07-31 22:45:00,38.057412,-85.751896,38.05664,-85.75917199999998,0.399421089071,Construction on KY-1526 WB near MM 8 Lane blocked. Expect delays.,3469.0,Brooks Hill Rd,R,Brooks,Bullitt,KY,40109-5002,US,US/Eastern,KSDF,2020-07-20 14:56:00,92.0,92.0,52.0,29.45,10.0,CALM,0.0,0.0,Mostly Cloudy,False,False,False,False,False,False,False,False,False,False,False,False,False,Day,Day,Day,Day
C-5189195,2,2020-11-16 08:00:00,2020-11-21 20:37:49,39.719239,-77.06680300000002,39.714698,-77.065888,0.317499517916,GUARDRAIL REPAIR. CARROLL COUNTY: MD-97 NORTH/SOUTH FROM (CO - 67) - ARTERS MILL RD (MD - 97) TO HOWARD COUNTY: (CO - 15) - JENNINGS CHAPEL RD (MD - 97),5186.0,Littlestown Pike,L,Westminster,Carroll,MD,21158-1147,US,US/Eastern,KDMW,2020-11-16 07:55:00,48.0,44.0,46.0,29.13,10.0,W,10.0,0.0,Fair,False,False,False,False,False,False,False,False,False,True,False,False,False,Day,Day,Day,Day
C-5189196,2,2021-09-06 21:13:00,2021-09-07 01:58:28,30.486118,-90.542281,30.48374500000001,-90.54228,0.163958695401,Roadwork on Old Baton Rouge Hwy from Destination Dr to LA-1249.,43298.0,Pumpkin Center Rd,R,Hammond,Tangipahoa,LA,70403-2766,US,US/Central,KHDC,2021-09-06 21:21:00,77.0,77.0,94.0,29.84,10.0,CALM,0.0,0.0,Fair,False,False,False,False,False,False,False,False,False,True,False,False,False,Night,Night,Night,Night
C-5189197,2,2020-06-22 06:47:00,2021-07-06 03:02:10,41.010257,-77.88153100000002,41.000122,-77.867195,1.02426590829,Roadwork on PA 144 both directions between THOMAS HILL RD and CHERRY RUN RD SNOW SHOE 22 PLAZA SNOW SHOE 22 PLAZA RD. There is a traffic disruption.,855.0,Snow Shoe Mountain Rd,R,Snow Shoe,Centre,PA,16874-8805,US,US/Eastern,KUNV,2020-06-22 06:53:00,64.0,64.0,100.0,28.63,7.0,CALM,0.0,0.0,Fair,False,False,False,False,False,False,False,False,False,False,False,False,False,Day,Day,Day,Day
C-5189198,2,2021-05-25 17:29:00,2021-05-25 19:48:12,33.4673,-112.134482,33.465936,-112.135249,0.104097149763,Slow traffic from W Coronado Rd to N 36th Ave due to roadwork.,1581.0,N 35th Ave,R,Phoenix,Maricopa,AZ,85009,US,US/Mountain,KPHX,2021-05-25 17:51:00,96.0,96.0,5.0,28.64,10.0,W,8.0,0.0,Mostly Cloudy,False,False,False,False,False,False,False,False,False,False,False,False,False,Day,Day,Day,Day
C-5189199,2,2021-10-22 07:00:00,2021-10-22 20:45:00,40.63901,-91.58243,40.639006,-91.574849,0.397472125983,Construction on IA-2 EB near COUNTY HWY-W20 Drive with caution.,1699.0,Highway 2,R,Donnellson,Lee,IA,52625-9138,US,US/Central,KFSW,2021-10-22 06:55:00,43.0,43.0,87.0,29.33,10.0,CALM,0.0,0.0,Fair,False,False,False,False,False,False,False,False,False,False,False,False,False,Night,Day,Day,Day
C-5189200,2,2021-07-08 10:59:46,2021-07-08 13:12:44,40.809945,-73.950629,40.808328,-73.9489,0.1437291137969999,Slow traffic from Frederick Douglass Blvd to W 124th St due to roadwork.,263.0,W 125th St,R,New York,New York,NY,10027-4408,US,US/Eastern,KNYC,2021-07-08 10:51:00,82.0,82.0,69.0,29.86,7.0,VAR,6.0,0.0,Fair,True,False,True,False,False,False,False,False,True,False,False,True,False,Day,Day,Day,Day
C-5189201,3,2020-04-27 11:34:34,2020-04-27 13:34:34,39.78325,-104.90077,39.81545,-104.95319,3.5627149503800006,Between I-70/US-36 and York St/Exit 1 - Construction work.,,Quebec St,R,Denver,Denver,CO,80216,US,US/Mountain,KBJC,2020-04-27 11:45:00,72.0,72.0,20.0,24.42,30.0,VAR,5.0,0.0,Fair,False,False,False,False,True,False,False,False,False,False,False,False,False,Day,Day,Day,Day
C-5189202,2,2020-07-27 14:00:00,2020-08-08 06:59:59,40.691567,-74.573167,40.689137,-74.577907,0.299759479967,Guard rail repairs on I-287 northbound between Exit 26 - CR 525/Mount Airy Rd (Bernards Twp) and Exit 35 - NJ 124 (Morristown) Monday July 27th 2020 thru Friday August 7th 2020 Sunday thru Saturday 07:00 AM thru 05:00 PM left lane closed for repairs,,I-287 S,R,Basking Ridge,Somerset,NJ,07920,US,US/Eastern,KSMQ,2020-07-27 13:53:00,93.0,93.0,49.0,29.7,10.0,VAR,6.0,0.0,Fair,False,False,False,False,True,False,False,False,False,False,False,False,False,Day,Day,Day,Day
C-5189203,2,2021-12-23 09:32:00,2021-12-23 11:35:36,28.32186500000001,-82.50135,28.321229,-82.503132,0.116955653421,Stationary traffic on FL-52 from CR-583/Ehren Cutoff (FL-52) to US-41/FL-45/Land O Lakes Blvd (FL-52) due to roadwork.,18957.0,State Road 52,L,Spring Hill,Pasco,FL,34610,US,US/Eastern,KBKV,2021-12-23 09:53:00,55.0,55.0,55.0,30.13,10.0,NE,3.0,0.0,Fair,False,False,False,False,False,False,False,False,False,False,False,True,False,Day,Day,Day,Day
C-5189204,2,2017-05-17 08:04:18,2017-05-25 13:35:38,41.756511,-77.22834399999998,41.755657,-77.230285,0.116148987169,At PA-287/PA-660/Main St - Roadwork. Lane blocked.,12968.0,Route 6,R,Wellsboro,Tioga,PA,16901-6807,US,US/Eastern,KELM,2017-05-17 07:53:00,55.0,,80.0,29.99,10.0,Calm,,,Clear,False,False,False,False,False,False,False,False,False,False,False,False,False,Day,Day,Day,Day
C-5189206,3,2017-09-11 07:00:00,2017-09-11 14:00:00,42.922848,-74.196465,,,13.779999733,Right lane closed due to construction work on I-90 Eastbound between Exit 28 Riverside Dr and Exit 27 NY-30.,,I-90 E,R,Amsterdam,Montgomery,NY,12010,US,US/Eastern,KSCH,2017-09-11 07:46:00,48.2,,100.0,30.37,15.0,Calm,,,Clear,False,False,False,False,False,False,False,False,False,False,False,False,False,Day,Day,Day,Day
C-5189207,2,2021-08-13 15:45:30,2021-08-13 18:19:36,33.509234,-112.06063600000002,33.510168,-112.065007,0.259949085393,Stationary traffic from N 10th St to E Colter St due to roadwork.,1001.0,E Camelback Rd,R,Phoenix,Maricopa,AZ,85014-3231,US,US/Mountain,KPHX,2021-08-13 15:51:00,97.0,97.0,36.0,28.73,10.0,S,6.0,0.0,Mostly Cloudy,True,False,False,False,False,False,False,False,False,True,False,False,False,Day,Day,Day,Day
C-5189208,2,2020-09-19 17:49:30,2020-09-19 18:41:30,37.779933,-80.93495899999998,37.780593,-80.895449,2.15808722907,Slow traffic on I-64 from Pluto Rd/Exit 133 (I-64) to CR-7/Clayton-Judson/Exit 139 (I-64) due to roadwork.,,I-64 E,R,Shady Spring,Raleigh,WV,25918,US,US/Eastern,KBKW,2020-09-19 17:51:00,61.0,61.0,46.0,27.62,10.0,E,6.0,0.0,Fair,False,False,False,False,True,False,False,False,False,False,False,False,False,Day,Day,Day,Day
C-5189209,2,2020-11-23 13:27:30,2020-11-23 22:35:52,40.643756,-74.01865,40.648549,-74.013538,0.4260172202750001,Slow traffic on I-278 W - I-278 E from 7 Ave exit [20] to exit [23] due to roadwork.,,57th St,R,Brooklyn,Kings,NY,11220,US,US/Eastern,KJRB,2020-11-23 13:51:00,49.0,46.0,44.0,29.86,10.0,VAR,7.0,0.0,Fair,False,False,True,False,False,False,False,False,False,False,False,True,False,Day,Day,Day,Day
C-5189210,2,2021-04-02 05:15:30,2021-10-07 07:29:00,33.469032,-112.151777,33.464685,-112.151837,0.300369003837,Slow traffic from W Thomas Rd (N 43rd Ave) to I-10/Papago Fwy (N 43rd Ave) due to roadwork.,1943.0,N 43rd Ave,R,Phoenix,Maricopa,AZ,85009-2022,US,US/Mountain,KPHX,2021-04-02 04:51:00,77.0,77.0,15.0,28.62,10.0,E,13.0,0.0,Mostly Cloudy,False,False,False,False,False,True,False,False,True,False,False,False,False,Night,Night,Night,Day
C-5189211,3,2019-10-30 23:48:49,2019-10-31 05:01:00,32.805511,-117.214424,,,3.31999993324,One lane closed due to construction work on I-5 Southbound between Exits 26 26A 26B CA-52 and Exit 23B CA-274 Balboa Ave.,,I-5 N,R,San Diego,San Diego,CA,92117,US,US/Pacific,KMYF,2019-10-30 23:53:00,51.0,51.0,15.0,29.69,10.0,CALM,0.0,0.0,Partly Cloudy,False,False,False,False,False,False,False,False,False,False,False,False,False,Night,Night,Night,Night
C-5189212,4,2021-04-26 15:55:00,2021-10-08 02:18:48,40.664873,-75.827795,40.6669,-75.81274599999998,0.801039961822,Construction on ALLEMAENGEL RD near DONATS PEAK RD Expect delays.,8600.0,Allemaengel Rd,R,Kempton,Lehigh,PA,19529-8972,US,US/Eastern,KRDG,2021-04-26 15:54:00,61.0,61.0,22.0,29.69,10.0,NW,13.0,0.0,Fair,False,False,False,False,False,False,False,False,False,True,False,False,False,Day,Day,Day,Day
C-5189213,4,2020-03-20 21:42:41,2020-03-21 02:41:28,40.81373,-74.10143000000002,40.81453,-74.10864000000002,0.381057345929,Closed between RT-3/RT-17 and Orient Way - Closed due to roadwork.,,N Service Rd,R,Rutherford,Bergen,NJ,07070,US,US/Eastern,KTEB,2020-03-20 21:51:00,69.0,69.0,49.0,29.84,10.0,W,12.0,0.0,Partly Cloudy,False,False,False,False,False,False,False,False,False,False,False,True,False,Night,Night,Night,Night
C-5189214,2,2020-10-20 12:57:49,2020-10-25 19:21:30,40.715888,-73.816447,40.716431,-73.825261,0.463105971797,Queuing traffic on Grand Central Pkwy W from 168 St exit [17] to J Robinson Pkwy W exit [13W] due to roadwork.,,Grand Central Pkwy W,R,Jamaica,Queens,NY,11435,US,US/Eastern,KJFK,2020-10-20 12:51:00,65.0,65.0,93.0,30.24,2.0,SE,3.0,0.0,Light Drizzle,False,False,False,False,False,False,False,False,False,False,False,True,False,Day,Day,Day,Day
C-5189215,2,2020-10-02 11:37:00,2020-10-03 02:06:30,41.84318,-87.631128,41.846332,-87.638385,0.432380447399,Queuing traffic on I-94 W - I-90 W - Dan Ryan Expy N from Stevenson Expy exit [53C] to Stevenson Expy exit [53B] due to roadwork.,,Dan Ryan Expy N,R,Chicago,Cook,IL,60616,US,US/Central,KMDW,2020-10-02 11:53:00,52.0,52.0,38.0,29.54,10.0,N,10.0,0.0,Fair,False,False,False,False,False,False,False,False,False,True,False,False,False,Day,Day,Day,Day
C-5189216,2,2016-08-09 07:00:00,2016-09-09 13:01:54,39.636331,-75.948348,39.644242,-75.929822,1.1271104246,At MD-279/Exit 109 - Roadwork.,,I-95 N,R,North East,Cecil,MD,21901,US,US/Eastern,KAPG,2016-08-09 06:45:00,64.4,,100.0,30.16,7.0,Calm,,,Scattered Clouds,False,False,False,False,False,False,False,False,False,False,False,False,False,Day,Day,Day,Day
C-5189217,4,2020-08-28 06:21:02,2020-09-04 06:59:00,27.932063,-82.507876,27.932638,-82.507221,0.0563656216366,Closed road from S Manhattan Ave (Henderson Blvd) to US-92/Dale Mabry Hwy (Henderson Blvd) due to roadwork.,3905.0,W Watrous Ave,R,Tampa,Hillsborough,FL,33629,US,US/Eastern,KTPF,2020-08-28 06:15:00,73.0,73.0,100.0,30.01,10.0,CALM,0.0,0.0,Fair,False,False,False,False,False,False,False,False,False,False,False,True,False,Night,Night,Day,Day
C-5189218,2,2021-12-02 08:53:00,2021-12-02 15:00:00,47.242975,-122.340484,47.24308900000001,-122.340808,0.0171176860678,Road work on SR 99 both directions at milepost 0.94 near Wapato Way E beginning at 8:53 am on December 2 2021 until about 3:00 pm.,1499.0,67th Ave E,L,Fife,Pierce,WA,98424-1449,US,US/Pacific,KTCM,2021-12-02 08:58:00,47.0,44.0,90.0,29.92,10.0,SSW,7.0,0.0,Fair,False,False,True,False,False,False,False,False,False,False,False,False,False,Day,Day,Day,Day
C-5189219,2,2021-12-22 11:10:53,2021-12-22 11:55:23,29.975474,-90.175386,29.975587,-90.178849,0.207412416516,Slow traffic on US-61 N from Cleary Ave (US-61) to Transcontinental Dr (Airline Dr/Airline Hwy/US-61) due to roadwork.,4305.0,Airline Dr,R,Metairie,Jefferson,LA,70001-5735,US,US/Pacific,KAUD,2021-12-22 10:55:00,61.0,61.0,44.0,30.11,10.0,NNW,6.0,0.0,Fair,False,False,True,False,False,False,False,False,False,False,False,False,False,Day,Day,Day,Day
C-5189220,4,2018-07-18 04:40:36,2018-07-18 09:40:35,42.3132,-83.09075,42.314762,-83.087427,0.201178318928,Closed at Grand Blvd - Closed due to roadwork.,4363.0,Fisher Fwy W,L,Detroit,Wayne,MI,48209,US,US/Eastern,KDET,2018-07-18 04:53:00,63.0,,78.0,30.08,10.0,North,4.6,,Clear,False,False,False,False,False,False,False,False,False,False,False,True,False,Night,Night,Night,Day
C-5189221,2,2020-04-20 19:02:59,2020-04-21 05:00:00,30.2221,-89.78336999999998,30.2221,-89.78336999999998,0.0,At Oak Harbor Blvd/Exit 261 - Construction work.,,Oak Harbor Blvd,R,Slidell,St. Tammany,LA,70458,US,US/Central,KASD,2020-04-20 18:53:00,73.0,73.0,64.0,29.85,10.0,N,3.0,0.0,Fair,False,False,False,False,False,False,False,False,False,False,False,False,False,Day,Day,Day,Day
C-5189222,2,2021-08-27 14:50:00,2021-08-27 15:30:30,41.678804,-81.226452,41.674639,-81.224317,0.308145278278,Stationary traffic on OH-608 - County Hwy-360 from CR-414/Prouty Rd/Fay Rd (Ravenna Rd/CR-360) to CR-202/Girdled Rd (Ravenna Rd/CR-360) due to roadwork.,,I-90 W,R,Painesville,Lake,OH,44077,US,US/Eastern,KCGF,2021-08-27 14:45:00,84.0,84.0,66.0,29.19,10.0,N,9.0,0.0,Mostly Cloudy,False,False,False,False,False,False,False,False,False,True,False,False,False,Day,Day,Day,Day
C-5189223,4,2021-03-07 01:41:59,2021-03-15 00:59:00,33.439155,-111.819798,33.440727,-111.817694,0.162827683537,Closed road from N Lesueur to E Grandview St due to roadwork.,500.0,E Glencove St,R,Mesa,Maricopa,AZ,85203-3644,US,US/Mountain,KFFZ,2021-03-07 01:51:00,63.0,63.0,28.0,28.71,10.0,CALM,0.0,0.0,Fair,False,False,False,False,False,False,False,False,False,False,False,False,False,Night,Night,Night,Night
C-5189224,2,2021-12-01 20:57:00,2021-12-01 21:18:30,25.795835,-80.273333,25.796574,-80.27758299999998,0.269269826118,Slow traffic from Business Rd to Miami due to roadwork.,,Central Blvd,R,Miami,Miami-Dade,FL,33122,US,US/Eastern,KMIA,2021-12-01 20:53:00,71.0,71.0,70.0,30.15,10.0,CALM,0.0,0.0,Fair,False,False,False,False,False,False,False,False,False,False,False,False,False,Night,Night,Night,Night
C-5189225,2,2021-01-06 08:06:00,2021-01-06 18:16:34,38.314854,-85.58224399999997,38.312316,-85.587239,0.322613442403,Roadwork on KY-329/Exit 14 (I-71) from I-265/KY-841/Exit 9 (I-71) to I-71 S.,,Gene Snyder Fwy S,R,Louisville,Jefferson,KY,40241,US,US/Eastern,KLOU,2021-01-06 07:53:00,36.0,36.0,64.0,29.73,10.0,NNE,3.0,0.0,Cloudy,False,False,False,False,False,False,False,False,False,False,False,False,False,Day,Day,Day,Day
C-5189226,2,2017-11-16 08:00:00,2017-11-16 15:00:00,43.409689,-86.346048,43.40969000000001,-86.34612,0.00361459238855,At Division St - Construction work.,203.0,E Colby St,L,Whitehall,Muskegon,MI,49461-1010,US,US/Eastern,KMKG,2017-11-16 07:55:00,37.9,28.9,62.0,30.07,10.0,NNW,16.1,,Overcast,True,False,False,False,False,False,False,False,False,False,False,False,False,Day,Day,Day,Day
C-5189227,2,2021-11-04 09:51:30,2021-11-04 11:54:45,40.234759,-79.581476,40.239822,-79.576883,0.425512831479,Slow traffic on US-119 N from Newell St to Depot Rd due to roadwork.,298.0,S 3rd St,L,Youngwood,Westmoreland,PA,15697-1627,US,US/Eastern,KLBE,2021-11-04 09:50:00,30.0,30.0,100.0,29.08,10.0,CALM,0.0,0.0,Fair,False,False,False,False,False,False,False,False,False,False,False,False,False,Day,Day,Day,Day
C-5189228,2,2021-10-20 09:00:00,2021-10-20 15:00:00,39.023662,-77.39294100000002,39.023732,-77.393041,0.00722530624208,On Rt. 637 (Potomac View Rd) in the County of Loudoun at Benedict Dr; Connemara Dr; Rt. 1010N/S (Loudoun County) motorists can expect potential delays in this area from 10/20/21 at 9:00 AM until 10/20/21 at 3:00 PM due to construction activities. The south through lanes are alternating closures.,,Connemara Dr,R,Sterling,Loudoun,VA,20164,US,US/Eastern,KIAD,2021-10-20 08:52:00,61.0,61.0,64.0,29.83,10.0,CALM,0.0,0.0,Fair,False,False,False,False,False,False,False,False,False,False,False,True,False,Day,Day,Day,Day
C-5189229,3,2018-09-10 10:14:33,2018-09-30 01:48:51,32.780042,-97.061383,32.763779,-97.06381,1.13247808105,Between Green Oaks Blvd/North Carrier Pky and Avenue H E/E Lamar Blvd - Roadwork.,1961.0,N State Highway 360,L,Grand Prairie,Tarrant,TX,75050-1422,US,US/Central,KGPM,2018-09-10 09:50:00,71.6,,73.0,30.01,10.0,NNW,3.5,,Overcast,False,False,False,False,False,False,False,False,False,False,False,False,False,Day,Day,Day,Day
C-5189230,2,2020-08-31 13:16:30,2020-08-31 19:47:58,26.457809,-80.204657,26.453789,-80.203902,0.281654545481,Slow traffic on FL-7 - FL-806 - US-441 S from Tivoli Isles Blvd to Half Mile Rd due to resurfacing work.,14725.0,US Highway 441,L,Delray Beach,Palm Beach,FL,33446,US,US/Eastern,KBCT,2020-08-31 12:53:00,90.0,90.0,65.0,29.96,10.0,ESE,12.0,0.0,Fair,False,False,False,False,False,False,False,False,False,False,False,False,False,Day,Day,Day,Day
C-5189231,2,2018-08-20 12:03:17,2018-08-20 15:00:00,38.137675,-121.248189,38.136601,-121.25871,0.576552665082,At CA-99/E Victor Rd - Construction work.,1389.0,E Victor Rd,L,Lodi,San Joaquin,CA,95240,US,US/Pacific,KSCK,2018-08-20 11:55:00,80.1,,40.0,29.86,6.0,NNW,6.9,,Haze,False,False,False,False,False,False,False,False,False,True,False,False,False,Day,Day,Day,Day
C-5189232,2,2021-03-02 00:00:00,2021-11-02 08:26:49,39.709603,-105.035061,39.705616,-105.040877,0.414075641447,Construction on MORRISON RD WB near S QUITMAN ST Expect delays.,3600.0,Morrison Rd,L,Denver,Denver,CO,80219-2715,US,US/Mountain,KAPA,2021-03-02 00:53:00,33.0,27.0,40.0,24.22,10.0,SE,7.0,0.0,Fair,False,False,False,False,False,False,False,False,True,False,False,False,False,Night,Night,Night,Night
C-5189233,2,2019-04-23 18:56:51,2020-10-10 17:37:43,30.135124,-89.866097,30.15370200000001,-89.85700000000001,1.39395479734,Bridge Construction on US-11 Both Directions from Lake Pontchartrain to Chef Menteur Blvd Chef Menteur Hwy US-90 . All Lanes Closed. Starting 4/23/2019 11:56 AM,3180.0,Ridgeway Blvd,R,New Orleans,Orleans,LA,70129-7711,US,US/Central,KNEW,2019-04-23 18:53:00,71.0,71.0,70.0,30.03,10.0,ESE,10.0,0.0,Fair,False,False,False,False,False,False,False,False,False,False,False,False,False,Day,Day,Day,Day
C-5189234,2,2021-03-25 06:20:30,2021-03-25 18:25:14,26.724701,-80.06339100000002,26.72418,-80.06669699999998,0.2071740040549999,Stationary traffic from Windsor Ave to 11th Ct due to roadwork.,1113.0,Palm Beach Lakes Blvd,R,West Palm Beach,Palm Beach,FL,33401-2408,US,US/Eastern,KPBI,2021-03-25 05:53:00,76.0,76.0,85.0,30.01,10.0,SSE,12.0,0.0,Partly Cloudy,False,False,False,False,False,False,False,False,False,False,False,False,False,Night,Night,Night,Day
C-5189235,4,2020-06-15 08:03:31,2020-06-19 08:03:18,40.18313,-75.54213,40.17488,-75.53263000000003,0.7592280495899999,Closed at Vaughn Rd - Closed due to roadwork.,202.0,Main St,R,Royersford,Montgomery,PA,19468-2219,US,US/Eastern,KPTW,2020-06-15 07:54:00,60.0,60.0,72.0,30.09,9.0,NE,9.0,0.0,Fair,False,False,False,False,False,False,False,False,False,False,False,False,False,Day,Day,Day,Day
C-5189236,2,2021-03-10 00:00:00,2021-05-10 23:59:59,38.212483,-95.248845,38.197355,-95.250749,1.05034476955,Lane closed on US-59 S - KS-31 - US-169 S - US-59 N - US-169 N from US-169/US-59/KS-31 (US-169) to US-59/KS-31 (US-169) due to roadwork.,24501.0,E 1300th Rd,R,Garnett,Anderson,KS,66032-8229,US,US/Central,KUKL,2021-03-10 00:53:00,63.0,63.0,72.0,28.53,10.0,S,33.0,0.0,Fair / Windy,False,False,False,False,False,False,False,False,False,True,False,False,False,Night,Night,Night,Night
C-5189237,2,2020-10-27 22:17:35,2020-10-28 00:55:04,37.974253,-105.339306,37.954733,-105.328776,1.46561096044,Roadwork on CO-69 from CR-310 (CO-69) to CR-559 (CO-69).,,CO-69,R,Wetmore,Custer,CO,81253,US,US/Mountain,K1V6,2020-10-27 22:10:00,30.0,23.0,86.0,24.63,10.0,W,7.0,0.0,Cloudy,False,False,False,False,False,False,False,False,False,False,False,False,False,Night,Night,Night,Night
C-5189238,2,2020-12-07 14:24:30,2020-12-08 01:04:38,39.705222,-86.395094,39.703495,-86.40070899999998,0.321444938443,Slow traffic on US-40 W - US-40 E from IN-267/Quaker Blvd (E Main St/US-40) to IN-39/Morgan St (Cumberland St/US-40) due to roadwork.,599.0,E Main St,R,Plainfield,Hendricks,IN,46168,US,US/Eastern,KIND,2020-12-07 13:54:00,36.0,28.0,59.0,29.16,10.0,N,13.0,0.0,Cloudy,False,False,True,False,False,False,False,False,False,False,False,True,False,Day,Day,Day,Day
C-5189239,2,2021-07-07 15:19:11,2021-07-07 15:44:15,42.248821,-87.85165500000002,42.247108,-87.859325,0.4097545585,Stationary traffic from E Deerpath Rd / Hastings Rd to S Skokie Hwy due to roadwork.,115.0,W Deerpath,R,Lake Forest,Lake,IL,60045-2151,US,US/Central,KPWK,2021-07-07 14:52:00,88.0,88.0,46.0,29.18,10.0,WSW,7.0,0.0,Partly Cloudy,False,False,False,False,False,False,False,False,False,False,False,False,False,Day,Day,Day,Day
C-5189240,4,2021-09-24 04:36:37,2021-10-01 23:59:00,40.979409,-72.133174,40.979251,-72.133713,0.0301602580005,NY-27 is closed from Abrahams Landing Rd (NY-27) to Cross Hwy/Abrahams Path (NY-27) due to roadwork.,456.0,Montauk Hwy,R,Amagansett,Suffolk,NY,11930-2469,US,US/Eastern,KHTO,2021-09-24 04:54:00,73.0,73.0,96.0,29.99,,VAR,6.0,0.0,,False,False,True,True,False,False,False,False,False,True,False,False,False,Night,Night,Night,Night
C-5189241,2,2020-09-24 15:47:00,2020-09-24 22:45:00,37.015589,-76.453717,36.965259,-76.515127,4.85577249091,On US-17 in the County of Isle Of Wight at FR-807N/S motorists can expect potential delays in this area from 09/24/20 at 9:00 AM until 09/24/20 at 3:00 PM due to a bridge inspection. The north right lane is an alternating closure. The south right lane is an alternating closure.,,W Mercury Blvd,R,Newport News,Newport News,VA,23607,US,US/Eastern,KLFI,2020-09-24 15:56:00,69.0,69.0,78.0,30.03,10.0,S,7.0,0.0,Fair,False,False,True,True,False,False,False,False,False,True,False,True,False,Day,Day,Day,Day
C-5189242,2,2021-11-08 07:55:00,2021-11-08 10:05:58,33.241945,-111.563214,33.249049,-111.564064,0.493291045877,Slow traffic from W Marilyn Way to N Taylor St due to roadwork.,39939.0,N Gantzel Rd,R,San Tan Valley,Pinal,AZ,85140,US,US/Mountain,KIWA,2021-11-08 07:50:00,59.0,59.0,39.0,28.57,10.0,E,6.0,0.0,Partly Cloudy,False,False,False,False,False,False,False,False,False,False,False,False,False,Day,Day,Day,Day
